2 0.0171875 0.511458 0.01875 0.0229167 0.254807
3 0.0390625 0.485417 0.078125 0.483333 0.298348
0 0.6 0.55 0.08125 0.0291667 0.303114
2 0.00546875 0.48125 0.0109375 0.0291667 0.335889
3 0.835156 0.603125 0.329688 0.18125 0.419297
0 0.859375 0.76875 0.090625 0.0333333 0.46613
3 0.174219 0.364583 0.160938 0.233333 0.473354
1 0.0257812 0.4875 0.0171875 0.0208333 0.498969
0 0.452344 0.363542 0.0203125 0.04375 0.567072
0 0.753125 0.659375 0.128125 0.0604167 0.61235
0 0.128125 0.325 0.025 0.0375 0.648614
0 0.469531 0.490625 0.0234375 0.0354167 0.650318
4 0.196094 0.664583 0.217187 0.291667 0.686669
4 0.464063 0.476042 0.16875 0.264583 0.71343
6 0.677344 0.248958 0.304688 0.414583 0.752875
2 0.0117188 0.297917 0.0234375 0.0333333 0.791249
1 0.776563 0.866667 0.040625 0.108333 0.797113
8 0.363281 0.146875 0.279687 0.29375 0.805884
0 0.560156 0.821875 0.123438 0.114583 0.811531
0 0.216406 0.646875 0.0359375 0.0479167 0.831027
