0 0.24557291666666667 0.4810185185185185 0.043229166666666666 0.5361111111111111
0 0.4296875 0.4550925925925926 0.051041666666666666 0.5675925925925926
0 0.66796875 0.4652777777777778 0.0421875 0.5231481481481481
1 0.54765625 0.5453703703703704 0.043229166666666666 0.37592592592592594
1 0.309375 0.5351851851851852 0.052083333333333336 0.4203703703703704
2 0.7783854166666666 0.5171296296296296 0.04739583333333333 0.41944444444444445
4 0.37265625 0.49583333333333335 0.0453125 0.15462962962962964
4 0.48854166666666665 0.48703703703703705 0.046875 0.1425925925925926
4 0.6080729166666666 0.4865740740740741 0.044270833333333336 0.14166666666666666
10 0.30963541666666666 0.6050925925925926 0.0296875 0.2490740740740741
10 0.67421875 0.4939814814814815 0.0296875 0.25092592592592594
11 0.43203125 0.6 0.0265625 0.2740740740740741
