4 0.303125 0.5185185185185185 0.04791666666666666 0.1425925925925926
4 0.5252604166666667 0.5148148148148148 0.0484375 0.1425925925925926
0 0.1859375 0.4851851851851852 0.052083333333333336 0.5481481481481482
0 0.41875 0.4851851851851852 0.04895833333333333 0.5481481481481482
1 0.58125 0.5532407407407408 0.04791666666666666 0.39722222222222225
1 0.6916666666666667 0.5541666666666667 0.046875 0.3824074074074074
10 0.18697916666666667 0.5087962962962963 0.035416666666666666 0.23796296296296296
10 0.41822916666666665 0.525462962962963 0.04583333333333333 0.28240740740740744
11 0.696875 0.6611111111111111 0.02395833333333333 0.16481481481481483
9 0.18776041666666665 0.26990740740740743 0.05364583333333333 0.11574074074074074
5 0.41875 0.2662037037037037 0.046875 0.10092592592592593
5 0.5846354166666666 0.40972222222222227 0.04635416666666667 0.10462962962962963
8 0.69375 0.4175925925925926 0.05 0.10925925925925926
