0 0.17369791666666667 0.5064814814814815 0.06614583333333333 0.638888888888889
0 0.375 0.4981481481481482 0.057291666666666664 0.65
0 0.6390625 0.49444444444444446 0.05625 0.6425925925925926
1 0.24635416666666665 0.5925925925925926 0.07083333333333333 0.4740740740740741
1 0.50390625 0.5837962962962964 0.057812499999999996 0.4675925925925926
2 0.7697916666666667 0.5722222222222223 0.065625 0.48703703703703705
9 0.17317708333333334 0.2550925925925926 0.0671875 0.13240740740740742
9 0.24661458333333333 0.4314814814814815 0.06197916666666667 0.14814814814814814
8 0.37838541666666664 0.25277777777777777 0.06510416666666667 0.13148148148148148
8 0.64296875 0.24629629629629632 0.06197916666666667 0.1388888888888889
5 0.5078125 0.41944444444444445 0.06354166666666666 0.14444444444444446
7 0.7671875 0.40231481481481485 0.065625 0.14351851851851852
10 0.24322916666666666 0.6680555555555556 0.035416666666666666 0.2953703703703704
11 0.3765625 0.6513888888888889 0.046875 0.34351851851851856
3 0.3111979166666667 0.5523148148148148 0.05677083333333333 0.18055555555555555
3 0.44140625 0.5370370370370371 0.0484375 0.17222222222222222
3 0.57265625 0.5328703703703704 0.0546875 0.17500000000000002
