0 0.11953124999999999 0.5115740740740741 0.0640625 0.7231481481481482
0 0.3651041666666667 0.475462962962963 0.06979166666666667 0.7564814814814815
0 0.6713541666666667 0.48888888888888893 0.05520833333333333 0.6851851851851852
2 0.8127604166666667 0.5527777777777778 0.0609375 0.5333333333333333
1 0.203125 0.5861111111111111 0.071875 0.5574074074074075
1 0.5184895833333333 0.5935185185185186 0.05364583333333333 0.4962962962962963
4 0.2877604166666667 0.5282407407407408 0.059895833333333336 0.20092592592592592
4 0.44088541666666664 0.5148148148148148 0.05572916666666666 0.1851851851851852
4 0.59375 0.512962962962963 0.057291666666666664 0.1851851851851852
10 0.2046875 0.6759259259259259 0.0375 0.3314814814814815
10 0.6802083333333333 0.5231481481481481 0.035416666666666666 0.3092592592592593
11 0.3651041666666667 0.6662037037037037 0.034375 0.36944444444444446
9 0.20208333333333334 0.3851851851851852 0.06979166666666667 0.15555555555555556
8 0.36354166666666665 0.17777777777777778 0.06875 0.16111111111111112
7 0.8127604166666667 0.35324074074074074 0.058854166666666666 0.13796296296296298
