4 0.32421875 0.5527777777777778 0.0546875 0.16111111111111112
4 0.59375 0.537962962962963 0.051041666666666666 0.17037037037037037
0 0.18567708333333333 0.525462962962963 0.059895833333333336 0.6435185185185185
0 0.45807291666666666 0.5074074074074074 0.05677083333333333 0.6518518518518519
1 0.6611979166666666 0.5782407407407407 0.057812499999999996 0.48055555555555557
1 0.7979166666666666 0.5745370370370371 0.059375 0.48240740740740745
10 0.18463541666666666 0.5486111111111112 0.04635416666666667 0.28425925925925927
10 0.46197916666666666 0.5532407407407408 0.053125 0.3287037037037037
11 0.8104166666666667 0.7106481481481481 0.03125 0.20462962962962963
9 0.18723958333333332 0.26342592592592595 0.06302083333333333 0.1287037037037037
5 0.45807291666666666 0.24444444444444446 0.05364583333333333 0.12962962962962962
5 0.6643229166666667 0.40370370370370373 0.0546875 0.1277777777777778
8 0.7986979166666667 0.39861111111111114 0.06302083333333333 0.13611111111111113
