4 0.24322916666666666 0.537962962962963 0.06041666666666667 0.1851851851851852
4 0.5234375 0.5194444444444445 0.05625 0.16296296296296298
0 0.09270833333333334 0.500462962962963 0.06354166666666666 0.675
0 0.38229166666666664 0.48333333333333334 0.06458333333333333 0.6759259259259259
1 0.5927083333333333 0.5671296296296297 0.06041666666666667 0.487962962962963
1 0.7252604166666666 0.5574074074074075 0.05677083333333333 0.4814814814814815
10 0.09427083333333333 0.5361111111111111 0.046875 0.3
10 0.38619791666666664 0.5388888888888889 0.049479166666666664 0.34444444444444444
11 0.7354166666666666 0.6925925925925926 0.025 0.20740740740740743
9 0.09375 0.23101851851851854 0.06041666666666667 0.13055555555555556
5 0.38177083333333334 0.2162037037037037 0.06041666666666667 0.13240740740740742
5 0.5916666666666667 0.38657407407407407 0.06041666666666667 0.12685185185185185
8 0.7252604166666666 0.37824074074074077 0.0609375 0.125
