0 0.16848958333333333 0.5092592592592593 0.049479166666666664 0.55
1 0.2328125 0.5666666666666667 0.05625 0.4277777777777778
0 0.35625 0.48750000000000004 0.05416666666666667 0.5824074074074075
4 0.41744791666666664 0.48055555555555557 0.0453125 0.15
1 0.48046875 0.5726851851851852 0.0421875 0.38796296296296295
0 0.5388020833333333 0.5 0.044270833333333336 0.5277777777777778
0 0.5973958333333333 0.4986111111111111 0.04375 0.5287037037037037
3 0.6526041666666667 0.5532407407407408 0.05 0.2972222222222222
2 0.7096354166666666 0.5509259259259259 0.04739583333333333 0.4203703703703704
9 0.23359375 0.4134259259259259 0.05572916666666666 0.12314814814814816
8 0.3578125 0.25324074074074077 0.053125 0.11944444444444445
7 0.7088541666666667 0.3939814814814815 0.04479166666666667 0.11018518518518519
10 0.23385416666666667 0.6356481481481482 0.029166666666666667 0.2601851851851852
11 0.3580729166666667 0.6231481481481481 0.028645833333333332 0.3037037037037037
10 0.5330729166666667 0.5199074074074074 0.034895833333333334 0.24351851851851852
10 0.6026041666666666 0.5222222222222223 0.029166666666666667 0.2518518518518519
