3 0.3971354166666667 0.6351851851851852 0.04739583333333333 0.2388888888888889
0 0.18802083333333333 0.5148148148148148 0.06770833333333333 0.6796296296296297
0 0.325 0.5050925925925926 0.06458333333333333 0.6694444444444445
0 0.5223958333333333 0.49768518518518523 0.06145833333333333 0.6416666666666667
0 0.6515625 0.48703703703703705 0.05520833333333333 0.6425925925925926
1 0.71171875 0.5666666666666667 0.0546875 0.47962962962962963
1 0.11822916666666666 0.6055555555555556 0.06458333333333333 0.5092592592592593
10 0.11510416666666666 0.6694444444444445 0.042708333333333334 0.337037037037037
10 0.18854166666666666 0.5638888888888889 0.06041666666666667 0.32962962962962966
10 0.3221354166666667 0.5550925925925926 0.03697916666666667 0.33240740740740743
10 0.53046875 0.5472222222222223 0.0453125 0.32222222222222224
10 0.6513020833333333 0.55 0.04739583333333333 0.35185185185185186
11 0.7122395833333334 0.6722222222222223 0.043229166666666666 0.2574074074074074
9 0.18567708333333333 0.24814814814814815 0.06614583333333333 0.14074074074074075
5 0.7135416666666666 0.3939814814814815 0.052083333333333336 0.13055555555555556
8 0.325 0.23472222222222222 0.0625 0.1287037037037037
8 0.6526041666666667 0.22685185185185186 0.05416666666666667 0.12407407407407407
7 0.52109375 0.23981481481481481 0.058854166666666666 0.12962962962962962
7 0.11666666666666667 0.4185185185185185 0.06458333333333333 0.13518518518518519
