4 0.3380208333333333 0.5041666666666667 0.05 0.15092592592592594
4 0.5848958333333333 0.4990740740740741 0.052083333333333336 0.15
0 0.20807291666666666 0.475462962962963 0.0546875 0.6212962962962963
0 0.46328125 0.46620370370370373 0.0484375 0.6175925925925926
1 0.6497395833333334 0.5421296296296296 0.050520833333333334 0.44722222222222224
1 0.7690104166666667 0.5365740740740741 0.05260416666666667 0.4361111111111111
10 0.2046875 0.4986111111111111 0.03958333333333333 0.2675925925925926
10 0.46588541666666666 0.5097222222222222 0.050520833333333334 0.30833333333333335
11 0.7809895833333333 0.6606481481481482 0.027604166666666666 0.1787037037037037
9 0.20625 0.23842592592592593 0.057291666666666664 0.12685185185185185
5 0.4635416666666667 0.22731481481481483 0.05625 0.1287037037037037
5 0.6497395833333334 0.3819444444444445 0.058854166666666666 0.1175925925925926
8 0.7731770833333333 0.3814814814814815 0.0609375 0.13148148148148148
