4 0.21848958333333332 0.5097222222222222 0.057812499999999996 0.1638888888888889
4 0.48541666666666666 0.4939814814814815 0.05416666666666667 0.16018518518518518
0 0.075 0.47175925925925927 0.0625 0.6435185185185185
0 0.35052083333333334 0.46111111111111114 0.06354166666666666 0.65
1 0.5518229166666666 0.5444444444444445 0.057812499999999996 0.47962962962962963
1 0.6828125 0.538425925925926 0.05625 0.47314814814814815
10 0.075 0.5074074074074074 0.041666666666666664 0.2814814814814815
10 0.35260416666666666 0.5101851851851852 0.051041666666666666 0.32407407407407407
11 0.68984375 0.6666666666666667 0.024479166666666666 0.20925925925925926
9 0.07552083333333333 0.21342592592592594 0.06145833333333333 0.12685185185185185
5 0.3497395833333333 0.2013888888888889 0.05677083333333333 0.13240740740740742
5 0.5518229166666666 0.3699074074074074 0.05677083333333333 0.13055555555555556
8 0.6828125 0.3625 0.058333333333333334 0.11574074074074074
