0 0.16875 0.4939814814814815 0.04895833333333333 0.5953703703703704
1 0.2359375 0.5537037037037037 0.06041666666666667 0.47222222222222227
4 0.30625 0.5060185185185185 0.046875 0.1564814814814815
4 0.4356770833333333 0.49444444444444446 0.0484375 0.16111111111111112
4 0.5627604166666667 0.5018518518518519 0.04739583333333333 0.1537037037037037
0 0.3697916666666667 0.46435185185185185 0.057291666666666664 0.6268518518518519
1 0.4986979166666667 0.5652777777777778 0.04635416666666667 0.4138888888888889
0 0.6286458333333333 0.4810185185185185 0.04375 0.5805555555555556
2 0.7489583333333333 0.538425925925926 0.05 0.4564814814814815
10 0.2359375 0.6282407407407408 0.03125 0.28055555555555556
10 0.6341145833333334 0.5087962962962963 0.0328125 0.27314814814814814
11 0.36875 0.6152777777777778 0.03229166666666666 0.32685185185185184
