0 0.11953124999999999 0.4134259259259259 0.044270833333333336 0.5064814814814815
0 0.29244791666666664 0.39166666666666666 0.0484375 0.55
0 0.5174479166666667 0.40925925925925927 0.04010416666666666 0.5018518518518519
1 0.17890625 0.4675925925925926 0.0546875 0.39814814814814814
1 0.4049479166666667 0.4800925925925926 0.0390625 0.3564814814814815
2 0.6260416666666666 0.45555555555555555 0.04479166666666667 0.3944444444444445
4 0.23645833333333333 0.4310185185185185 0.04583333333333333 0.14351851851851852
4 0.3484375 0.4217592592592593 0.04583333333333333 0.13796296296296298
4 0.46015625 0.42592592592592593 0.04114583333333333 0.13333333333333333
9 0.178125 0.3236111111111111 0.051041666666666666 0.10648148148148148
8 0.29192708333333334 0.17685185185185187 0.049479166666666664 0.11666666666666667
7 0.6260416666666666 0.3087962962962963 0.041666666666666664 0.10462962962962963
10 0.17786458333333333 0.5319444444444444 0.025520833333333333 0.23611111111111113
10 0.5213541666666667 0.4337962962962963 0.030208333333333334 0.22870370370370371
11 0.29140625 0.525462962962963 0.028645833333333332 0.27314814814814814
