3 0.4375 0.6189814814814815 0.04479166666666667 0.2064814814814815
0 0.24479166666666666 0.5120370370370371 0.06041666666666667 0.6222222222222222
0 0.3690104166666667 0.500462962962963 0.058854166666666666 0.6212962962962963
0 0.553125 0.4949074074074074 0.057291666666666664 0.6157407407407408
0 0.678125 0.48564814814814816 0.05520833333333333 0.6157407407407408
1 0.7375 0.5615740740740741 0.05625 0.45092592592592595
1 0.18177083333333333 0.5939814814814816 0.058333333333333334 0.4712962962962963
10 0.18098958333333334 0.65 0.03697916666666667 0.29814814814814816
10 0.24583333333333332 0.5546296296296297 0.052083333333333336 0.30185185185185187
10 0.36640625 0.5476851851851852 0.03697916666666667 0.30648148148148147
10 0.5596354166666666 0.5421296296296296 0.0421875 0.30462962962962964
10 0.6765625 0.5444444444444445 0.04375 0.33333333333333337
11 0.7372395833333333 0.6657407407407407 0.04114583333333333 0.24629629629629632
9 0.24322916666666666 0.26481481481481484 0.05520833333333333 0.12222222222222223
5 0.7359375 0.3990740740740741 0.05625 0.12222222222222223
8 0.37135416666666665 0.25416666666666665 0.05625 0.12314814814814816
8 0.6765625 0.24074074074074076 0.05520833333333333 0.12222222222222223
7 0.5510416666666667 0.2518518518518519 0.058333333333333334 0.12407407407407407
7 0.18255208333333334 0.425 0.058854166666666666 0.12407407407407407
