0 0.12317708333333333 0.49212962962962964 0.07135416666666666 0.637962962962963
0 0.32786458333333335 0.47685185185185186 0.06197916666666667 0.6333333333333333
0 0.5872395833333334 0.46481481481481485 0.06302083333333333 0.6240740740740741
1 0.19869791666666667 0.5731481481481482 0.0640625 0.46481481481481485
1 0.46197916666666666 0.5523148148148148 0.06666666666666667 0.4620370370370371
2 0.71328125 0.5342592592592593 0.0546875 0.46481481481481485
3 0.2661458333333333 0.524537037037037 0.053125 0.17314814814814816
3 0.3963541666666667 0.5074074074074074 0.04791666666666666 0.15925925925925927
3 0.5296875 0.5023148148148149 0.05520833333333333 0.1638888888888889
9 0.12604166666666666 0.2476851851851852 0.075 0.13611111111111113
9 0.19817708333333334 0.40925925925925927 0.07135416666666666 0.13148148148148148
8 0.32708333333333334 0.2263888888888889 0.065625 0.14166666666666666
8 0.5869791666666666 0.2199074074074074 0.059375 0.13055555555555556
5 0.46015625 0.3925925925925926 0.059895833333333336 0.13333333333333333
7 0.7135416666666666 0.3773148148148148 0.05520833333333333 0.13611111111111113
10 0.20026041666666666 0.637962962962963 0.0453125 0.29814814814814816
11 0.3333333333333333 0.6240740740740741 0.04479166666666667 0.33333333333333337
