0 0.07734375 0.5185185185185185 0.057812499999999996 0.6574074074074074
0 0.2986979166666667 0.48888888888888893 0.06302083333333333 0.7018518518518518
0 0.5901041666666667 0.5115740740740741 0.052083333333333336 0.6564814814814816
1 0.15208333333333332 0.5902777777777778 0.06770833333333333 0.5175925925925926
1 0.44375 0.6069444444444445 0.052083333333333336 0.46944444444444444
2 0.73125 0.5726851851851852 0.057291666666666664 0.5175925925925926
9 0.15364583333333334 0.40046296296296297 0.06875 0.14166666666666666
8 0.2986979166666667 0.21203703703703705 0.0609375 0.14444444444444446
7 0.73125 0.3805555555555556 0.057291666666666664 0.13333333333333333
10 0.1484375 0.6689814814814815 0.029166666666666667 0.2972222222222222
10 0.5966145833333333 0.5375 0.03697916666666667 0.2935185185185185
4 0.22760416666666666 0.5388888888888889 0.058333333333333334 0.18703703703703706
4 0.37057291666666664 0.5310185185185186 0.05677083333333333 0.1712962962962963
4 0.5166666666666666 0.5300925925925926 0.05416666666666667 0.17314814814814816
11 0.296875 0.6694444444444445 0.03333333333333333 0.34444444444444444
