0 0.1625 0.525462962962963 0.051041666666666666 0.5731481481481482
1 0.22864583333333333 0.5800925925925926 0.05625 0.4416666666666667
0 0.35625 0.49768518518518523 0.05416666666666667 0.6027777777777777
4 0.41901041666666666 0.4967592592592593 0.049479166666666664 0.15092592592592594
1 0.4828125 0.5907407407407408 0.04583333333333333 0.40185185185185185
0 0.54375 0.513425925925926 0.04375 0.5472222222222223
0 0.6052083333333333 0.5106481481481482 0.04583333333333333 0.5472222222222223
3 0.6614583333333334 0.5685185185185185 0.04895833333333333 0.3148148148148148
2 0.7208333333333333 0.5662037037037038 0.04791666666666666 0.4287037037037037
9 0.23020833333333332 0.4226851851851852 0.058333333333333334 0.13240740740740742
8 0.35572916666666665 0.2574074074074074 0.05520833333333333 0.1277777777777778
7 0.7213541666666666 0.4087962962962963 0.046875 0.11388888888888889
10 0.22864583333333333 0.6555555555555556 0.029166666666666667 0.26851851851851855
11 0.3567708333333333 0.6421296296296296 0.029166666666666667 0.3138888888888889
10 0.5401041666666666 0.5328703703703704 0.034375 0.25462962962962965
10 0.6104166666666666 0.5412037037037037 0.030208333333333334 0.25462962962962965
