11 0.64609375 0.6060185185185185 0.0328125 0.2101851851851852
0 0.16848958333333333 0.412962962962963 0.06197916666666667 0.6481481481481481
0 0.30546875 0.40601851851851856 0.06302083333333333 0.637962962962963
0 0.44166666666666665 0.3995370370370371 0.05625 0.6435185185185185
1 0.5723958333333333 0.4842592592592593 0.052083333333333336 0.46851851851851856
1 0.6411458333333333 0.48564814814814816 0.052083333333333336 0.4601851851851852
1 0.7677083333333333 0.475462962962963 0.05 0.46574074074074073
9 0.17213541666666665 0.1564814814814815 0.0734375 0.13518518518518519
9 0.5723958333333333 0.31574074074074077 0.05 0.13703703703703704
8 0.6421875 0.30694444444444446 0.04895833333333333 0.11944444444444445
8 0.3046875 0.14722222222222223 0.05625 0.12962962962962962
6 0.4421875 0.14814814814814814 0.057291666666666664 0.13518518518518519
5 0.7690104166666667 0.3060185185185185 0.05364583333333333 0.14166666666666666
10 0.17291666666666666 0.4412037037037037 0.04583333333333333 0.28055555555555556
10 0.309375 0.4842592592592593 0.040625 0.3611111111111111
10 0.44375 0.4398148148148148 0.03854166666666667 0.27037037037037037
