0 0.10572916666666667 0.4537037037037037 0.078125 0.65
0 0.24401041666666667 0.4388888888888889 0.0640625 0.6351851851851852
0 0.3841145833333333 0.4430555555555556 0.050520833333333334 0.6435185185185185
1 0.50859375 0.5175925925925926 0.06197916666666667 0.4703703703703704
1 0.5770833333333333 0.5171296296296296 0.058333333333333334 0.44722222222222224
1 0.7010416666666667 0.5050925925925926 0.057291666666666664 0.4601851851851852
9 0.09869791666666666 0.19444444444444445 0.0703125 0.13703703703703704
9 0.5083333333333333 0.35370370370370374 0.052083333333333336 0.12407407407407407
8 0.24010416666666667 0.18935185185185185 0.06979166666666667 0.13611111111111113
8 0.5763020833333333 0.34953703703703703 0.059895833333333336 0.13425925925925927
6 0.384375 0.18101851851851852 0.06875 0.13425925925925927
5 0.7015625 0.34444444444444444 0.06041666666666667 0.12962962962962962
10 0.1015625 0.4842592592592593 0.0375 0.2740740740740741
10 0.24791666666666667 0.5222222222222223 0.052083333333333336 0.37222222222222223
10 0.38203125 0.47222222222222227 0.04114583333333333 0.2833333333333333
11 0.5807291666666666 0.6421296296296296 0.035416666666666666 0.20462962962962963
