4 0.30078125 0.5143518518518518 0.05260416666666667 0.1398148148148148
4 0.5221354166666666 0.5115740740740741 0.050520833333333334 0.13611111111111113
0 0.18932291666666667 0.47824074074074074 0.05364583333333333 0.5342592592592593
0 0.41328125 0.47824074074074074 0.04635416666666667 0.5324074074074074
1 0.57578125 0.5527777777777778 0.043229166666666666 0.3888888888888889
1 0.68203125 0.5537037037037037 0.04739583333333333 0.38703703703703707
10 0.18802083333333333 0.5055555555555555 0.042708333333333334 0.23148148148148148
10 0.4127604166666667 0.5203703703703704 0.0390625 0.26851851851851855
11 0.6854166666666667 0.6560185185185186 0.02395833333333333 0.1638888888888889
9 0.18854166666666666 0.2675925925925926 0.04895833333333333 0.10185185185185186
5 0.41562499999999997 0.2662037037037037 0.042708333333333334 0.11018518518518519
5 0.5778645833333333 0.4101851851851852 0.044270833333333336 0.10555555555555556
8 0.68359375 0.4115740740740741 0.04635416666666667 0.10648148148148148
