4 0.29973958333333334 0.513425925925926 0.049479166666666664 0.13611111111111113
4 0.5239583333333333 0.5208333333333334 0.04791666666666666 0.14537037037037037
0 0.18046875 0.48842592592592593 0.049479166666666664 0.5527777777777778
0 0.4127604166666667 0.48750000000000004 0.0484375 0.5527777777777778
1 0.58125 0.5587962962962963 0.04479166666666667 0.40092592592592596
1 0.6895833333333333 0.5606481481481481 0.04791666666666666 0.39722222222222225
10 0.18177083333333333 0.5101851851851852 0.03854166666666667 0.23703703703703705
10 0.4140625 0.5268518518518519 0.042708333333333334 0.2796296296296296
11 0.6940104166666666 0.6699074074074074 0.0203125 0.16574074074074074
9 0.18307291666666667 0.2675925925925926 0.0515625 0.10740740740740741
5 0.4140625 0.26805555555555555 0.051041666666666666 0.10462962962962963
5 0.5825520833333333 0.41203703703703703 0.0484375 0.10925925925925926
8 0.6919270833333333 0.4152777777777778 0.049479166666666664 0.10462962962962963
