0 0.10494791666666667 0.4375 0.06822916666666666 0.6527777777777778
0 0.24713541666666666 0.42824074074074076 0.0671875 0.6472222222222223
0 0.38697916666666665 0.4277777777777778 0.06458333333333333 0.638888888888889
1 0.51484375 0.500462962962963 0.0546875 0.46944444444444444
1 0.5833333333333334 0.5 0.05416666666666667 0.45
1 0.7046875 0.4953703703703704 0.051041666666666666 0.45
9 0.10833333333333334 0.18101851851851852 0.06666666666666667 0.13796296296296298
9 0.5140625 0.3402777777777778 0.06458333333333333 0.14537037037037037
8 0.24869791666666666 0.16944444444444445 0.06302083333333333 0.13148148148148148
8 0.5802083333333333 0.34074074074074073 0.052083333333333336 0.12222222222222223
6 0.38619791666666664 0.1736111111111111 0.06302083333333333 0.13425925925925927
5 0.7059895833333333 0.337037037037037 0.05572916666666666 0.14444444444444446
10 0.10520833333333333 0.4712962962962963 0.046875 0.2851851851851852
10 0.24947916666666667 0.5027777777777778 0.053125 0.37777777777777777
10 0.3893229166666667 0.46574074074074073 0.03697916666666667 0.27037037037037037
11 0.5861979166666667 0.6268518518518519 0.030729166666666665 0.19814814814814816
