4 0.32786458333333335 0.5541666666666667 0.050520833333333334 0.1675925925925926
4 0.5942708333333333 0.5370370370370371 0.05 0.17222222222222222
0 0.1828125 0.5194444444444445 0.06041666666666667 0.65
0 0.45729166666666665 0.5060185185185185 0.058333333333333334 0.6583333333333333
1 0.6635416666666667 0.5824074074074075 0.059375 0.4851851851851852
1 0.7966145833333333 0.575925925925926 0.05677083333333333 0.47962962962962963
10 0.18255208333333334 0.5476851851851852 0.0453125 0.28611111111111115
10 0.4614583333333333 0.5550925925925926 0.04895833333333333 0.3453703703703704
11 0.8083333333333333 0.7092592592592593 0.02395833333333333 0.20555555555555557
9 0.18463541666666666 0.2601851851851852 0.059895833333333336 0.1277777777777778
5 0.45807291666666666 0.23935185185185187 0.05572916666666666 0.13796296296296298
5 0.6635416666666667 0.4050925925925926 0.059375 0.1287037037037037
8 0.7979166666666666 0.40185185185185185 0.058333333333333334 0.13148148148148148
