0 0.13515625 0.587037037037037 0.0609375 0.6759259259259259
0 0.27682291666666664 0.5884259259259259 0.0609375 0.675
0 0.41432291666666665 0.5828703703703704 0.058854166666666666 0.6694444444444445
0 0.5572916666666666 0.6087962962962963 0.04895833333333333 0.6175925925925926
0 0.6958333333333333 0.5800925925925926 0.058333333333333334 0.6916666666666667
10 0.12682291666666667 0.5935185185185186 0.033854166666666664 0.2518518518518519
10 0.42109375 0.6439814814814815 0.0453125 0.30462962962962964
10 0.6973958333333333 0.6129629629629629 0.041666666666666664 0.30185185185185187
5 0.1359375 0.31712962962962965 0.06145833333333333 0.14166666666666666
6 0.27734375 0.3180555555555556 0.06197916666666667 0.1398148148148148
7 0.41510416666666666 0.3194444444444445 0.06354166666666666 0.1462962962962963
8 0.6950520833333333 0.30092592592592593 0.05677083333333333 0.1388888888888889
11 0.5541666666666667 0.7393518518518519 0.03229166666666666 0.3564814814814815
