11 0.5924479166666666 0.6277777777777778 0.033854166666666664 0.22962962962962963
0 0.08463541666666667 0.4356481481481482 0.0796875 0.700925925925926
0 0.23307291666666666 0.42592592592592593 0.07760416666666667 0.6907407407407408
0 0.37916666666666665 0.41620370370370374 0.06875 0.6824074074074075
1 0.5182291666666666 0.5055555555555555 0.06979166666666667 0.5018518518518519
1 0.58984375 0.5018518518518519 0.0671875 0.49259259259259264
1 0.71875 0.48703703703703705 0.05625 0.49259259259259264
9 0.0796875 0.16481481481481483 0.07291666666666667 0.15185185185185185
9 0.5158854166666667 0.3263888888888889 0.06302083333333333 0.15092592592592594
8 0.22578125 0.1486111111111111 0.06822916666666666 0.13611111111111113
8 0.58515625 0.32731481481481484 0.06197916666666667 0.13796296296296298
6 0.37994791666666666 0.1476851851851852 0.07760416666666667 0.13611111111111113
5 0.7205729166666667 0.3175925925925926 0.07447916666666667 0.14814814814814814
10 0.08255208333333333 0.46990740740740744 0.0453125 0.2972222222222222
10 0.23645833333333333 0.5101851851851852 0.06354166666666666 0.38333333333333336
10 0.3846354166666667 0.4615740740740741 0.04635416666666667 0.28055555555555556
