3 0.3854166666666667 0.6310185185185185 0.04791666666666666 0.22870370370370371
0 0.165625 0.513888888888889 0.06875 0.6981481481481482
0 0.30859375 0.5027777777777778 0.06510416666666667 0.6944444444444444
0 0.509375 0.48842592592592593 0.06041666666666667 0.6657407407407407
0 0.6403645833333333 0.4800925925925926 0.05572916666666666 0.6601851851851852
1 0.7041666666666666 0.5611111111111111 0.05520833333333333 0.4851851851851852
1 0.09401041666666667 0.6023148148148149 0.06614583333333333 0.5287037037037037
10 0.09140625 0.6689814814814815 0.043229166666666666 0.34351851851851856
10 0.16927083333333334 0.5601851851851852 0.06041666666666667 0.34074074074074073
10 0.30442708333333335 0.5550925925925926 0.0390625 0.3472222222222222
10 0.5174479166666667 0.5462962962962963 0.04114583333333333 0.32407407407407407
10 0.6411458333333333 0.5486111111111112 0.04895833333333333 0.3490740740740741
11 0.703125 0.6671296296296296 0.042708333333333334 0.26203703703703707
9 0.16458333333333333 0.23148148148148148 0.06458333333333333 0.1388888888888889
5 0.703125 0.3856481481481482 0.053125 0.13055555555555556
8 0.3078125 0.22314814814814815 0.065625 0.13703703703703704
8 0.6416666666666666 0.2199074074074074 0.05625 0.1287037037037037
7 0.509375 0.23194444444444445 0.058333333333333334 0.13796296296296298
7 0.09453125 0.41250000000000003 0.0703125 0.1398148148148148
