3 0.44140625 0.5916666666666667 0.04010416666666666 0.18888888888888888
0 0.26796875 0.4953703703703704 0.050520833333333334 0.5537037037037037
0 0.37994791666666666 0.4902777777777778 0.05364583333333333 0.5583333333333333
0 0.54375 0.48379629629629634 0.052083333333333336 0.5509259259259259
0 0.65234375 0.4726851851851852 0.050520833333333334 0.5435185185185185
1 0.7080729166666666 0.5407407407407407 0.049479166666666664 0.40925925925925927
1 0.2125 0.5731481481481482 0.053125 0.4203703703703704
10 0.21328125 0.6236111111111111 0.0328125 0.2675925925925926
10 0.2721354166666667 0.5370370370370371 0.04635416666666667 0.27037037037037037
10 0.3763020833333333 0.5259259259259259 0.030729166666666665 0.27222222222222225
10 0.546875 0.5222222222222223 0.042708333333333334 0.26481481481481484
10 0.6518229166666667 0.5282407407407408 0.0390625 0.2916666666666667
11 0.7080729166666666 0.6324074074074074 0.03802083333333333 0.21481481481481482
9 0.26848958333333334 0.27361111111111114 0.050520833333333334 0.10462962962962963
5 0.7080729166666666 0.3907407407407408 0.0515625 0.10555555555555556
8 0.37994791666666666 0.26296296296296295 0.04739583333333333 0.10185185185185186
8 0.6533854166666666 0.2555555555555556 0.04635416666666667 0.10185185185185186
7 0.2140625 0.41944444444444445 0.053125 0.10925925925925926
7 0.5416666666666666 0.26481481481481484 0.051041666666666666 0.10740740740740741
