3 0.4979166666666667 0.6125 0.04375 0.19722222222222224
0 0.3184895833333333 0.5120370370370371 0.0546875 0.5925925925925926
0 0.4375 0.5050925925925926 0.05625 0.6027777777777777
0 0.6127604166666667 0.49768518518518523 0.058854166666666666 0.5972222222222222
0 0.7359375 0.4930555555555556 0.053125 0.600925925925926
1 0.259375 0.587962962962963 0.05625 0.44074074074074077
1 0.7963541666666667 0.5657407407407408 0.04791666666666666 0.4518518518518519
10 0.25755208333333335 0.6402777777777778 0.03697916666666667 0.28240740740740744
10 0.3216145833333333 0.5486111111111112 0.044270833333333336 0.28055555555555556
10 0.43463541666666666 0.5444444444444445 0.034895833333333334 0.29444444444444445
10 0.6208333333333333 0.5467592592592593 0.042708333333333334 0.2898148148148148
10 0.7361979166666667 0.5532407407407408 0.043229166666666666 0.3287037037037037
11 0.79765625 0.6648148148148149 0.0453125 0.24444444444444446
9 0.31875 0.27685185185185185 0.05520833333333333 0.11666666666666667
5 0.79609375 0.4 0.049479166666666664 0.12037037037037038
8 0.43697916666666664 0.26157407407407407 0.052083333333333336 0.11944444444444445
8 0.7361979166666667 0.24953703703703706 0.05364583333333333 0.11018518518518519
7 0.2609375 0.42685185185185187 0.052083333333333336 0.10925925925925926
7 0.6119791666666666 0.25972222222222224 0.057291666666666664 0.1175925925925926
