10 0.18463541666666666 0.4537037037037037 0.03802083333333333 0.27592592592592596
10 0.32369791666666664 0.4898148148148148 0.0484375 0.35555555555555557
10 0.45859374999999997 0.44212962962962965 0.0515625 0.25092592592592594
11 0.6541666666666667 0.6055555555555556 0.029166666666666667 0.20925925925925926
0 0.18619791666666666 0.41574074074074074 0.0671875 0.638888888888889
0 0.3223958333333333 0.4138888888888889 0.06979166666666667 0.6277777777777778
0 0.45468749999999997 0.4027777777777778 0.057291666666666664 0.6370370370370371
1 0.5833333333333334 0.4847222222222222 0.05 0.4675925925925926
1 0.6494791666666666 0.48935185185185187 0.052083333333333336 0.4675925925925926
1 0.7703125 0.475462962962963 0.04479166666666667 0.46574074074074073
9 0.1890625 0.16990740740740742 0.06979166666666667 0.13055555555555556
9 0.5817708333333333 0.32407407407407407 0.052083333333333336 0.1388888888888889
8 0.3203125 0.16018518518518518 0.07395833333333333 0.13148148148148148
8 0.6473958333333333 0.31851851851851853 0.052083333333333336 0.1277777777777778
6 0.4515625 0.1537037037037037 0.065625 0.14814814814814814
5 0.77578125 0.31574074074074077 0.050520833333333334 0.14074074074074075
