10 0.07682291666666667 0.4814814814814815 0.04010416666666666 0.28703703703703703
10 0.22552083333333334 0.5231481481481481 0.04895833333333333 0.3666666666666667
10 0.36666666666666664 0.475462962962963 0.057291666666666664 0.2601851851851852
0 0.07734375 0.44537037037037036 0.0765625 0.6592592592592593
0 0.21953124999999998 0.4388888888888889 0.0671875 0.6648148148148149
0 0.3598958333333333 0.4305555555555556 0.0625 0.6518518518518519
1 0.49166666666666664 0.5074074074074074 0.057291666666666664 0.45925925925925926
1 0.5627604166666667 0.5078703703703704 0.06510416666666667 0.47500000000000003
1 0.6872395833333333 0.4935185185185185 0.06302083333333333 0.46296296296296297
9 0.07838541666666667 0.19675925925925927 0.07760416666666667 0.14537037037037037
9 0.4901041666666667 0.3375 0.05416666666666667 0.14351851851851852
8 0.22083333333333333 0.18101851851851852 0.06770833333333333 0.1287037037037037
8 0.565625 0.3453703703703704 0.05520833333333333 0.13703703703703704
6 0.3598958333333333 0.17500000000000002 0.06354166666666666 0.1277777777777778
5 0.68203125 0.33333333333333337 0.057812499999999996 0.13518518518518519
11 0.5671875 0.6425925925925926 0.035416666666666666 0.21481481481481482
