0 0.12005208333333334 0.5583333333333333 0.05677083333333333 0.6666666666666667
1 0.19765625 0.6305555555555555 0.06510416666666667 0.5203703703703704
0 0.34739583333333335 0.5370370370370371 0.0625 0.7000000000000001
4 0.4171875 0.5356481481481482 0.05520833333333333 0.17685185185185187
1 0.4901041666666667 0.6467592592592593 0.051041666666666666 0.4712962962962963
0 0.5611979166666666 0.5625 0.05364583333333333 0.6435185185185185
0 0.6330729166666667 0.562962962962963 0.050520833333333334 0.638888888888889
3 0.6979166666666666 0.6305555555555555 0.057291666666666664 0.3648148148148148
2 0.7669270833333334 0.6273148148148149 0.05364583333333333 0.5027777777777778
9 0.19791666666666666 0.4462962962962963 0.065625 0.1537037037037037
8 0.346875 0.2569444444444445 0.06041666666666667 0.14351851851851852
7 0.7682291666666666 0.4425925925925926 0.05625 0.1388888888888889
10 0.1921875 0.712037037037037 0.030208333333333334 0.312962962962963
11 0.3416666666666667 0.700462962962963 0.03333333333333333 0.36388888888888893
10 0.5544270833333333 0.587037037037037 0.0390625 0.2888888888888889
10 0.63828125 0.5944444444444444 0.03697916666666667 0.29814814814814816
