4 0.31223958333333335 0.5462962962962963 0.057812499999999996 0.1685185185185185
4 0.5770833333333333 0.5324074074074074 0.051041666666666666 0.16296296296296298
0 0.1734375 0.5078703703703704 0.06041666666666667 0.6361111111111112
0 0.44375 0.5 0.05520833333333333 0.6407407407407407
1 0.6466145833333333 0.5782407407407407 0.057812499999999996 0.4712962962962963
1 0.77734375 0.5828703703703704 0.0609375 0.48055555555555557
10 0.17369791666666667 0.5421296296296296 0.04635416666666667 0.28055555555555556
10 0.4458333333333333 0.5439814814814815 0.042708333333333334 0.31574074074074077
11 0.7875 0.7106481481481481 0.030208333333333334 0.20462962962962963
9 0.17213541666666665 0.25277777777777777 0.0609375 0.13148148148148148
5 0.4434895833333333 0.2388888888888889 0.0515625 0.13148148148148148
5 0.646875 0.4101851851851852 0.05625 0.12037037037037038
8 0.7778645833333333 0.40555555555555556 0.057812499999999996 0.12962962962962962
