10 0.134375 0.5046296296296297 0.042708333333333334 0.27037037037037037
10 0.27421875 0.5462962962962963 0.05572916666666666 0.3592592592592593
10 0.4049479166666667 0.4990740740740741 0.0359375 0.2740740740740741
11 0.5984375 0.6625 0.03229166666666666 0.19907407407407407
0 0.13645833333333332 0.47962962962962963 0.07395833333333333 0.6240740740740741
0 0.2716145833333333 0.4726851851851852 0.0640625 0.6212962962962963
0 0.4067708333333333 0.46064814814814814 0.07395833333333333 0.6212962962962963
1 0.5270833333333333 0.5402777777777777 0.05416666666666667 0.44907407407407407
1 0.5947916666666666 0.5439814814814815 0.05625 0.45462962962962966
1 0.71171875 0.5305555555555556 0.050520833333333334 0.4518518518518519
9 0.13489583333333333 0.23564814814814816 0.06875 0.13055555555555556
9 0.5270833333333333 0.3851851851851852 0.05520833333333333 0.1388888888888889
8 0.26848958333333334 0.22083333333333335 0.06302083333333333 0.1175925925925926
8 0.5916666666666667 0.3768518518518519 0.0625 0.12592592592592594
6 0.4044270833333333 0.22175925925925927 0.0671875 0.11203703703703705
5 0.7140625 0.3685185185185185 0.06458333333333333 0.13518518518518519
