0 0.14140625 0.4916666666666667 0.07760416666666667 0.7166666666666667
0 0.2895833333333333 0.4759259259259259 0.07291666666666667 0.7037037037037037
0 0.4401041666666667 0.46481481481481485 0.06979166666666667 0.6870370370370371
1 0.5768229166666666 0.5583333333333333 0.06302083333333333 0.49444444444444446
1 0.6541666666666667 0.5509259259259259 0.06458333333333333 0.5037037037037038
1 0.7848958333333333 0.5370370370370371 0.052083333333333336 0.49444444444444446
9 0.140625 0.20972222222222223 0.071875 0.14907407407407408
9 0.5791666666666666 0.3787037037037037 0.06041666666666667 0.12962962962962962
8 0.6518229166666667 0.3703703703703704 0.0546875 0.1462962962962963
8 0.28854166666666664 0.1953703703703704 0.07395833333333333 0.1388888888888889
6 0.4393229166666667 0.1925925925925926 0.06302083333333333 0.1388888888888889
5 0.78828125 0.3675925925925926 0.05677083333333333 0.13148148148148148
10 0.13802083333333334 0.5194444444444445 0.040625 0.3037037037037037
10 0.29010416666666666 0.5625 0.04375 0.39537037037037037
10 0.44036458333333334 0.5064814814814815 0.04010416666666666 0.29814814814814816
11 0.6533854166666666 0.6902777777777778 0.030729166666666665 0.23240740740740742
