0 0.19557291666666665 0.4759259259259259 0.05364583333333333 0.575925925925926
0 0.38046875 0.4949074074074074 0.0421875 0.537962962962963
1 0.4966145833333333 0.5504629629629629 0.050520833333333334 0.41944444444444445
4 0.4380208333333333 0.5074074074074074 0.04375 0.1462962962962963
4 0.5580729166666667 0.5143518518518518 0.043229166666666666 0.15092592592592594
4 0.6153645833333333 0.5050925925925926 0.044270833333333336 0.14722222222222223
3 0.6755208333333333 0.5731481481481482 0.05 0.3074074074074074
11 0.37838541666666664 0.6125 0.028645833333333332 0.30092592592592593
10 0.18854166666666666 0.48333333333333334 0.020833333333333332 0.20740740740740743
5 0.19661458333333334 0.25092592592592594 0.05364583333333333 0.12222222222222223
8 0.49765624999999997 0.3962962962962963 0.050520833333333334 0.11481481481481481
