4 0.2989583333333333 0.5462962962962963 0.05625 0.1574074074074074
4 0.5565104166666667 0.5231481481481481 0.05364583333333333 0.16666666666666669
0 0.1578125 0.5143518518518518 0.06145833333333333 0.6361111111111112
0 0.42864583333333334 0.49259259259259264 0.05520833333333333 0.6314814814814815
1 0.62578125 0.563425925925926 0.057812499999999996 0.4564814814814815
1 0.7520833333333333 0.5560185185185186 0.057291666666666664 0.45092592592592595
10 0.1609375 0.5453703703703704 0.046875 0.2833333333333333
10 0.43333333333333335 0.5416666666666667 0.05 0.32037037037037036
11 0.7625 0.6805555555555556 0.025 0.19074074074074074
9 0.15755208333333334 0.2611111111111111 0.06197916666666667 0.12407407407407407
5 0.42994791666666665 0.23981481481481481 0.057812499999999996 0.12407407407407407
5 0.6252604166666667 0.39583333333333337 0.05677083333333333 0.11944444444444445
8 0.7494791666666667 0.3875 0.057291666666666664 0.11944444444444445
