4 0.309375 0.5555555555555556 0.0625 0.1851851851851852
4 0.5934895833333333 0.5425925925925926 0.058854166666666666 0.17592592592592593
0 0.15494791666666666 0.5217592592592593 0.0640625 0.6990740740740741
0 0.45 0.5101851851851852 0.06145833333333333 0.7148148148148148
1 0.6671875 0.5944444444444444 0.057291666666666664 0.5092592592592593
1 0.809375 0.5861111111111111 0.06354166666666666 0.5092592592592593
10 0.15364583333333334 0.5481481481481482 0.04791666666666666 0.3074074074074074
10 0.45260416666666664 0.5550925925925926 0.053125 0.3509259259259259
11 0.821875 0.7287037037037037 0.027083333333333334 0.22037037037037038
9 0.15520833333333334 0.24212962962962964 0.06666666666666667 0.14351851851851852
5 0.45234375 0.22824074074074074 0.05677083333333333 0.14537037037037037
5 0.6682291666666667 0.4064814814814815 0.06041666666666667 0.1277777777777778
8 0.8091145833333333 0.3990740740740741 0.06302083333333333 0.13518518518518519
