4 0.3411458333333333 0.5027777777777778 0.05625 0.16296296296296298
4 0.5817708333333333 0.49074074074074076 0.046875 0.14444444444444446
0 0.2125 0.46851851851851856 0.05625 0.5925925925925926
0 0.4627604166666667 0.45972222222222225 0.0515625 0.5953703703703704
1 0.6421875 0.5319444444444444 0.052083333333333336 0.4305555555555556
1 0.76328125 0.5319444444444444 0.05364583333333333 0.42685185185185187
10 0.21067708333333332 0.49444444444444446 0.03802083333333333 0.26296296296296295
10 0.459375 0.5060185185185185 0.042708333333333334 0.2972222222222222
11 0.7697916666666667 0.6527777777777778 0.025 0.18703703703703706
9 0.21276041666666667 0.23101851851851854 0.05364583333333333 0.11574074074074074
5 0.46041666666666664 0.2240740740740741 0.052083333333333336 0.12222222222222223
5 0.6440104166666667 0.3773148148148148 0.049479166666666664 0.1212962962962963
8 0.7635416666666667 0.3736111111111111 0.053125 0.11944444444444445
