4 0.3026041666666667 0.5185185185185185 0.04895833333333333 0.1277777777777778
4 0.5143229166666666 0.5101851851851852 0.0453125 0.12962962962962962
0 0.1890625 0.48333333333333334 0.04791666666666666 0.5240740740740741
0 0.41380208333333335 0.4851851851851852 0.0453125 0.5185185185185185
1 0.5700520833333333 0.5504629629629629 0.0453125 0.3805555555555556
1 0.6723958333333333 0.5504629629629629 0.046875 0.375
10 0.18932291666666667 0.5050925925925926 0.03697916666666667 0.2175925925925926
10 0.41380208333333335 0.5231481481481481 0.04114583333333333 0.25925925925925924
11 0.6768229166666666 0.6555555555555556 0.024479166666666666 0.1574074074074074
9 0.190625 0.27731481481481485 0.051041666666666666 0.10833333333333334
5 0.41380208333333335 0.27592592592592596 0.0453125 0.0962962962962963
5 0.5703125 0.4152777777777778 0.04479166666666667 0.10462962962962963
8 0.6739583333333333 0.40972222222222227 0.046875 0.09537037037037037
