11 0.7489583333333333 0.6810185185185186 0.027083333333333334 0.23611111111111113
0 0.10911458333333333 0.4847222222222222 0.06822916666666666 0.6731481481481482
0 0.38958333333333334 0.4652777777777778 0.06666666666666667 0.6824074074074075
1 0.6002604166666666 0.5523148148148148 0.06197916666666667 0.49722222222222223
1 0.7421875 0.5462962962962963 0.06041666666666667 0.5092592592592593
9 0.10651041666666666 0.2125 0.0734375 0.1398148148148148
5 0.3932291666666667 0.2064814814814815 0.06979166666666667 0.1425925925925926
5 0.6046875 0.37453703703703706 0.06770833333333333 0.13055555555555556
8 0.7453125 0.37083333333333335 0.057291666666666664 0.13796296296296298
10 0.109375 0.5074074074074074 0.046875 0.2796296296296296
10 0.39869791666666665 0.5157407407407407 0.050520833333333334 0.28703703703703703
4 0.25416666666666665 0.524537037037037 0.057291666666666664 0.19166666666666668
4 0.53125 0.5074074074074074 0.052083333333333336 0.18333333333333335
