0 0.14947916666666666 0.4800925925925926 0.057291666666666664 0.6638888888888889
1 0.22786458333333334 0.5523148148148148 0.0671875 0.5194444444444445
0 0.37421875 0.45092592592592595 0.06614583333333333 0.7111111111111111
4 0.44635416666666666 0.44953703703703707 0.05520833333333333 0.18055555555555555
1 0.5192708333333333 0.5587962962962963 0.05 0.48055555555555557
0 0.5966145833333333 0.4712962962962963 0.05572916666666666 0.6611111111111111
0 0.66640625 0.46851851851851856 0.049479166666666664 0.6648148148148149
3 0.7385416666666667 0.5398148148148149 0.06354166666666666 0.37962962962962965
2 0.8135416666666666 0.5333333333333333 0.06041666666666667 0.5296296296296297
10 0.22343749999999998 0.6356481481481482 0.035416666666666666 0.31203703703703706
11 0.37135416666666665 0.6203703703703703 0.034375 0.37222222222222223
10 0.58828125 0.4967592592592593 0.043229166666666666 0.2953703703703704
10 0.67265625 0.4986111111111111 0.0359375 0.31574074074074077
9 0.22708333333333333 0.3652777777777778 0.065625 0.1527777777777778
8 0.3731770833333333 0.16898148148148148 0.06510416666666667 0.14907407407407408
7 0.8130208333333333 0.3375 0.058333333333333334 0.14166666666666666
