3 0.45703125 0.5680555555555555 0.04114583333333333 0.1824074074074074
0 0.28828125 0.47685185185185186 0.050520833333333334 0.5370370370370371
0 0.3971354166666667 0.4689814814814815 0.049479166666666664 0.5361111111111111
0 0.5552083333333333 0.4638888888888889 0.051041666666666666 0.5333333333333333
0 0.6611979166666666 0.4564814814814815 0.04635416666666667 0.5333333333333333
1 0.7143229166666667 0.5231481481481481 0.050520833333333334 0.3944444444444445
1 0.23567708333333334 0.5472222222222223 0.050520833333333334 0.4
10 0.23515624999999998 0.5935185185185186 0.030729166666666665 0.26296296296296295
10 0.2903645833333333 0.5101851851851852 0.0453125 0.2555555555555556
10 0.39348958333333334 0.5050925925925926 0.03177083333333333 0.2657407407407408
10 0.5611979166666666 0.49953703703703706 0.0328125 0.25092592592592594
10 0.6630208333333333 0.5055555555555555 0.035416666666666666 0.2851851851851852
11 0.7143229166666667 0.6111111111111112 0.0390625 0.20555555555555557
9 0.28802083333333334 0.25972222222222224 0.04479166666666667 0.10277777777777779
5 0.7140625 0.3773148148148148 0.04479166666666667 0.10277777777777779
8 0.39817708333333335 0.2523148148148148 0.04635416666666667 0.10277777777777779
8 0.6609375 0.24212962962962964 0.042708333333333334 0.09907407407407408
7 0.23515624999999998 0.3976851851851852 0.044270833333333336 0.10092592592592593
7 0.553125 0.2476851851851852 0.046875 0.10648148148148148
