4 0.25729166666666664 0.5060185185185185 0.05625 0.15833333333333333
4 0.5203125 0.4981481481481482 0.057291666666666664 0.1537037037037037
0 0.12057291666666667 0.4791666666666667 0.06197916666666667 0.6435185185185185
0 0.38619791666666664 0.4638888888888889 0.059895833333333336 0.6462962962962964
1 0.584375 0.5407407407407407 0.05625 0.47222222222222227
1 0.7184895833333333 0.5458333333333334 0.06197916666666667 0.47500000000000003
10 0.12083333333333333 0.5 0.042708333333333334 0.27592592592592596
10 0.38984375 0.5111111111111112 0.049479166666666664 0.32222222222222224
11 0.72265625 0.6731481481481482 0.027604166666666666 0.20370370370370372
9 0.11953124999999999 0.22037037037037038 0.058854166666666666 0.12962962962962962
5 0.38671875 0.20694444444444446 0.0609375 0.13611111111111113
5 0.5888020833333333 0.3717592592592593 0.0546875 0.1212962962962963
8 0.7190104166666667 0.36944444444444446 0.0609375 0.12222222222222223
