0 0.1390625 0.5453703703703704 0.06770833333333333 0.6981481481481482
1 0.22213541666666667 0.6157407407407408 0.07135416666666666 0.55
0 0.3776041666666667 0.5069444444444444 0.06770833333333333 0.7324074074074074
4 0.45390625 0.5074074074074074 0.05677083333333333 0.18703703703703706
1 0.5307291666666667 0.6208333333333333 0.05 0.4898148148148148
0 0.60546875 0.525462962962963 0.049479166666666664 0.6620370370370371
0 0.6768229166666666 0.5236111111111111 0.050520833333333334 0.6657407407407407
3 0.7434895833333334 0.5888888888888889 0.05677083333333333 0.3685185185185185
2 0.8140625 0.5842592592592593 0.057291666666666664 0.5203703703703704
10 0.21875 0.7027777777777778 0.03854166666666667 0.32407407407407407
11 0.3802083333333333 0.6842592592592592 0.03958333333333333 0.37962962962962965
10 0.5989583333333334 0.5574074074074075 0.04479166666666667 0.29814814814814816
10 0.6838541666666667 0.5546296296296297 0.03125 0.31851851851851853
9 0.22057291666666667 0.42129629629629634 0.06927083333333334 0.16481481481481483
8 0.3770833333333333 0.21435185185185185 0.06666666666666667 0.1564814814814815
7 0.8153645833333333 0.3939814814814815 0.05677083333333333 0.14166666666666666
