11 0.56953125 0.6314814814814815 0.0328125 0.19814814814814816
0 0.12005208333333334 0.4587962962962963 0.06302083333333333 0.612037037037037
0 0.24817708333333333 0.44583333333333336 0.0640625 0.5990740740740741
0 0.37838541666666664 0.44583333333333336 0.058854166666666666 0.6046296296296296
1 0.5002604166666667 0.5115740740740741 0.05364583333333333 0.4287037037037037
1 0.56484375 0.5162037037037037 0.0484375 0.437962962962963
1 0.6833333333333333 0.5092592592592593 0.04895833333333333 0.4314814814814815
9 0.11953124999999999 0.21851851851851853 0.06197916666666667 0.12592592592592594
9 0.49921875 0.3611111111111111 0.05364583333333333 0.12407407407407407
8 0.25078125 0.2125 0.06197916666666667 0.12314814814814816
8 0.5677083333333334 0.3611111111111111 0.053125 0.12407407407407407
6 0.3770833333333333 0.20555555555555557 0.059375 0.1388888888888889
5 0.6848958333333334 0.3527777777777778 0.05520833333333333 0.13148148148148148
10 0.12213541666666666 0.48564814814814816 0.0390625 0.2657407407407408
10 0.2565104166666667 0.5226851851851853 0.04739583333333333 0.34351851851851856
10 0.3815104166666667 0.4759259259259259 0.04114583333333333 0.2518518518518519
