4 0.32369791666666664 0.5620370370370371 0.05677083333333333 0.17962962962962964
4 0.6033854166666667 0.5462962962962963 0.05572916666666666 0.1685185185185185
0 0.175 0.5263888888888889 0.06354166666666666 0.6824074074074075
0 0.4653645833333333 0.5199074074074074 0.057812499999999996 0.7046296296296296
1 0.6786458333333333 0.5990740740740741 0.06145833333333333 0.5111111111111112
1 0.8192708333333333 0.5986111111111111 0.06354166666666666 0.5120370370370371
10 0.17682291666666666 0.5537037037037037 0.0453125 0.3055555555555556
10 0.465625 0.5625 0.052083333333333336 0.3509259259259259
11 0.8307291666666666 0.737037037037037 0.028125 0.21666666666666667
9 0.17682291666666666 0.25277777777777777 0.06197916666666667 0.13518518518518519
5 0.465625 0.23703703703703705 0.057291666666666664 0.1388888888888889
5 0.6799479166666667 0.4152777777777778 0.0640625 0.13425925925925927
8 0.8184895833333333 0.41111111111111115 0.06197916666666667 0.14074074074074075
