7 0.19453125 0.437962962962963 0.05677083333333333 0.1
8 0.24270833333333333 0.3041666666666667 0.05 0.09722222222222222
9 0.3458333333333333 0.4314814814814815 0.042708333333333334 0.0962962962962963
9 0.6372395833333333 0.29953703703703705 0.05572916666666666 0.10833333333333334
5 0.44244791666666666 0.4277777777777778 0.0609375 0.10370370370370371
5 0.5395833333333333 0.4203703703703704 0.053125 0.10185185185185186
10 0.1671875 0.6587962962962963 0.021875 0.14907407407407408
10 0.3481770833333333 0.6101851851851852 0.0328125 0.2351851851851852
10 0.5416666666666666 0.6069444444444445 0.022916666666666665 0.21574074074074076
11 0.19296875 0.6574074074074074 0.025520833333333333 0.15925925925925927
11 0.2421875 0.6106481481481482 0.028125 0.23981481481481481
11 0.6416666666666666 0.5967592592592593 0.036458333333333336 0.2675925925925926
4 0.29401041666666666 0.5300925925925926 0.03697916666666667 0.1287037037037037
4 0.3927083333333333 0.5120370370370371 0.035416666666666666 0.11481481481481481
4 0.4947916666666667 0.513425925925926 0.03958333333333333 0.10833333333333334
1 0.19661458333333334 0.5694444444444444 0.050520833333333334 0.3425925925925926
1 0.3463541666666667 0.5518518518518519 0.052083333333333336 0.34444444444444444
1 0.4401041666666667 0.5541666666666667 0.051041666666666666 0.3527777777777778
1 0.5434895833333333 0.5453703703703704 0.05572916666666666 0.34074074074074073
0 0.2453125 0.4962962962962963 0.05 0.4740740740740741
0 0.6372395833333333 0.48703703703703705 0.05572916666666666 0.4666666666666667
