4 0.30364583333333334 0.5486111111111112 0.05520833333333333 0.1675925925925926
4 0.5588541666666667 0.5282407407407408 0.052083333333333336 0.1564814814814815
0 0.16197916666666667 0.5199074074074074 0.06458333333333333 0.6305555555555555
0 0.4315104166666667 0.4981481481481482 0.057812499999999996 0.6314814814814815
1 0.6270833333333333 0.5694444444444444 0.05520833333333333 0.4537037037037037
1 0.75078125 0.5569444444444445 0.057812499999999996 0.44351851851851853
10 0.16614583333333333 0.55 0.04479166666666667 0.2740740740740741
10 0.4354166666666667 0.5476851851851852 0.04895833333333333 0.3212962962962963
11 0.7625 0.6837962962962963 0.025 0.18796296296296297
9 0.16067708333333333 0.26851851851851855 0.06197916666666667 0.12407407407407407
5 0.43046875 0.24675925925925926 0.05572916666666666 0.12314814814814816
5 0.6265625 0.4013888888888889 0.058333333333333334 0.1212962962962963
8 0.74921875 0.3939814814814815 0.05677083333333333 0.1212962962962963
