7 0.16276041666666666 0.3888888888888889 0.06927083333333334 0.12962962962962962
8 0.22421875 0.21574074074074076 0.06927083333333334 0.12962962962962962
9 0.3502604166666667 0.3763888888888889 0.05677083333333333 0.12314814814814816
9 0.7380208333333333 0.19675925925925927 0.06458333333333333 0.13055555555555556
5 0.47734375 0.37083333333333335 0.059895833333333336 0.14351851851851852
5 0.6044270833333333 0.35000000000000003 0.06614583333333333 0.14444444444444446
10 0.13411458333333334 0.6722222222222223 0.0296875 0.19444444444444445
10 0.35911458333333335 0.6027777777777777 0.044270833333333336 0.26481481481481484
10 0.6130208333333333 0.600462962962963 0.03333333333333333 0.2657407407407408
11 0.16276041666666666 0.6675925925925926 0.028645833333333332 0.20185185185185187
11 0.23020833333333332 0.6143518518518519 0.052083333333333336 0.3138888888888889
11 0.73671875 0.5833333333333334 0.043229166666666666 0.3388888888888889
4 0.2856770833333333 0.49722222222222223 0.059895833333333336 0.17592592592592593
4 0.41484375 0.4851851851851852 0.05677083333333333 0.16296296296296298
4 0.5390625 0.46990740740740744 0.040625 0.1564814814814815
1 0.16041666666666665 0.5435185185185185 0.06458333333333333 0.45925925925925926
1 0.35546875 0.5375 0.0734375 0.44537037037037036
1 0.4830729166666667 0.5310185185185186 0.0671875 0.4638888888888889
1 0.6072916666666667 0.5175925925925926 0.059375 0.4740740740740741
0 0.2265625 0.45925925925925926 0.078125 0.6185185185185186
0 0.7390625 0.44351851851851853 0.06875 0.6277777777777778
