4 0.31328125 0.5111111111111112 0.05260416666666667 0.1462962962962963
4 0.54453125 0.5023148148148149 0.0453125 0.1398148148148148
0 0.19375 0.47824074074074074 0.052083333333333336 0.5620370370370371
0 0.4278645833333333 0.47222222222222227 0.0453125 0.5592592592592592
1 0.6033854166666667 0.5458333333333334 0.0484375 0.4046296296296297
1 0.7119791666666666 0.5439814814814815 0.04895833333333333 0.4027777777777778
10 0.19296875 0.5069444444444444 0.0359375 0.24166666666666667
10 0.4317708333333333 0.5162037037037037 0.0375 0.2916666666666667
11 0.7182291666666667 0.6513888888888889 0.022916666666666665 0.17685185185185187
9 0.19505208333333332 0.2564814814814815 0.050520833333333334 0.11111111111111112
5 0.42942708333333335 0.24814814814814815 0.0453125 0.11111111111111112
5 0.6010416666666667 0.3939814814814815 0.046875 0.10648148148148148
8 0.7114583333333333 0.39537037037037037 0.04583333333333333 0.10925925925925926
