7 0.19869791666666667 0.44027777777777777 0.0484375 0.10092592592592593
8 0.24869791666666666 0.3092592592592593 0.0515625 0.0962962962962963
9 0.34791666666666665 0.4416666666666667 0.041666666666666664 0.09074074074074075
9 0.6424479166666667 0.3060185185185185 0.04010416666666666 0.10092592592592593
5 0.44453125 0.4287037037037037 0.04739583333333333 0.0925925925925926
5 0.5440104166666666 0.4199074074074074 0.05260416666666667 0.09722222222222222
10 0.17734375 0.6592592592592593 0.028645833333333332 0.15185185185185185
10 0.3515625 0.6143518518518519 0.03125 0.2101851851851852
10 0.54765625 0.6101851851851852 0.028645833333333332 0.1962962962962963
11 0.20104166666666667 0.6606481481481482 0.017708333333333333 0.15833333333333333
11 0.2505208333333333 0.6212962962962963 0.019791666666666666 0.2388888888888889
11 0.6419270833333334 0.6 0.03697916666666667 0.2555555555555556
4 0.29973958333333334 0.5333333333333333 0.034895833333333334 0.12592592592592594
4 0.4046875 0.5194444444444445 0.041666666666666664 0.10370370370370371
4 0.49895833333333334 0.5166666666666667 0.021875 0.10555555555555556
1 0.20234375 0.5601851851851852 0.05572916666666666 0.34444444444444444
1 0.3536458333333333 0.5648148148148149 0.059375 0.35000000000000003
1 0.45078124999999997 0.5606481481481481 0.050520833333333334 0.33981481481481485
1 0.54375 0.549074074074074 0.05520833333333333 0.35555555555555557
0 0.253125 0.5023148148148149 0.057291666666666664 0.48240740740740745
0 0.6432291666666666 0.4902777777777778 0.05416666666666667 0.47500000000000003
