0 0.20208333333333334 0.46111111111111114 0.052083333333333336 0.5518518518518519
0 0.31614583333333335 0.45787037037037037 0.052083333333333336 0.5472222222222223
0 0.4265625 0.45 0.053125 0.5407407407407407
0 0.5419270833333333 0.4652777777777778 0.04114583333333333 0.5027777777777778
0 0.65625 0.4351851851851852 0.04895833333333333 0.5537037037037037
10 0.19375 0.4615740740740741 0.027083333333333334 0.19351851851851853
10 0.4356770833333333 0.4986111111111111 0.0359375 0.25277777777777777
10 0.6567708333333333 0.4703703703703704 0.036458333333333336 0.24629629629629632
5 0.20078125 0.24074074074074076 0.05260416666666667 0.11296296296296297
6 0.31484375 0.24027777777777778 0.049479166666666664 0.11574074074074074
7 0.4263020833333333 0.23657407407407408 0.05364583333333333 0.1212962962962963
8 0.6567708333333333 0.2162037037037037 0.052083333333333336 0.11574074074074074
11 0.54453125 0.575462962962963 0.0265625 0.28425925925925927
