1 0.16822916666666665 0.5745370370370371 0.06875 0.4527777777777778
1 0.40182291666666664 0.5675925925925926 0.05364583333333333 0.4481481481481482
1 0.6325520833333333 0.5592592592592592 0.0546875 0.4388888888888889
2 0.29270833333333335 0.5731481481481482 0.046875 0.44074074074074077
0 0.5203125 0.48564814814814816 0.0625 0.587962962962963
7 0.1671875 0.4115740740740741 0.06458333333333333 0.1212962962962963
7 0.2947916666666667 0.41481481481481486 0.05 0.11851851851851852
8 0.51953125 0.2601851851851852 0.05572916666666666 0.12592592592592594
8 0.6317708333333333 0.40601851851851856 0.05625 0.13240740740740742
9 0.40182291666666664 0.41250000000000003 0.05364583333333333 0.1287037037037037
11 0.17630208333333333 0.7648148148148148 0.049479166666666664 0.05925925925925926
11 0.5221354166666666 0.6083333333333334 0.050520833333333334 0.34074074074074073
11 0.634375 0.675 0.04791666666666666 0.20740740740740743
