4 0.33984375 0.4990740740740741 0.050520833333333334 0.16481481481481483
4 0.5770833333333333 0.4930555555555556 0.042708333333333334 0.14907407407407408
0 0.21328125 0.47222222222222227 0.05677083333333333 0.5907407407407408
0 0.459375 0.45740740740740743 0.051041666666666666 0.5888888888888889
1 0.6432291666666666 0.5328703703703704 0.051041666666666666 0.425
1 0.75625 0.5319444444444444 0.05520833333333333 0.42129629629629634
10 0.21041666666666667 0.49583333333333335 0.040625 0.25833333333333336
10 0.4591145833333333 0.5046296296296297 0.0421875 0.29444444444444445
11 0.7684895833333333 0.650462962962963 0.022395833333333334 0.18055555555555555
9 0.2125 0.23796296296296296 0.059375 0.1277777777777778
5 0.459375 0.22685185185185186 0.051041666666666666 0.11481481481481481
5 0.6408854166666667 0.3819444444444445 0.057812499999999996 0.12685185185185185
8 0.75859375 0.3726851851851852 0.0546875 0.11203703703703705
