1 0.17552083333333332 0.5560185185185186 0.06145833333333333 0.44537037037037036
1 0.2953125 0.5523148148148148 0.05625 0.4527777777777778
1 0.41380208333333335 0.5481481481481482 0.05260416666666667 0.4537037037037037
0 0.5341145833333333 0.4861111111111111 0.0484375 0.5648148148148149
1 0.6541666666666667 0.5430555555555556 0.05416666666666667 0.44351851851851853
0 0.7153645833333333 0.4791666666666667 0.0453125 0.5601851851851852
7 0.17473958333333334 0.39814814814814814 0.059895833333333336 0.12962962962962962
5 0.2950520833333333 0.38981481481481484 0.058854166666666666 0.1277777777777778
6 0.4161458333333333 0.38472222222222224 0.05416666666666667 0.13240740740740742
8 0.6546875 0.3814814814814815 0.053125 0.12407407407407407
10 0.18489583333333334 0.6305555555555555 0.03958333333333333 0.24444444444444446
11 0.41875 0.6518518518518519 0.041666666666666664 0.25
11 0.53515625 0.5990740740740741 0.044270833333333336 0.3425925925925926
11 0.65390625 0.662962962962963 0.0421875 0.2111111111111111
10 0.7307291666666667 0.5185185185185185 0.014583333333333334 0.1462962962962963
