4 0.25390625 0.5175925925925926 0.050520833333333334 0.18703703703703706
4 0.5278645833333333 0.5027777777777778 0.04739583333333333 0.17407407407407408
0 0.10286458333333333 0.4791666666666667 0.06197916666666667 0.6768518518518519
0 0.3893229166666667 0.4625 0.0640625 0.687962962962963
1 0.60234375 0.5458333333333334 0.057812499999999996 0.5046296296296297
1 0.7442708333333333 0.5453703703703704 0.06145833333333333 0.5203703703703704
9 0.10234375 0.2087962962962963 0.0734375 0.14537037037037037
5 0.3875 0.1902777777777778 0.0625 0.14351851851851852
5 0.6028645833333334 0.3666666666666667 0.0546875 0.1462962962962963
8 0.7434895833333334 0.3625 0.06302083333333333 0.14166666666666666
10 0.10885416666666667 0.5046296296296297 0.021875 0.2796296296296296
10 0.39921875 0.5046296296296297 0.050520833333333334 0.27592592592592596
11 0.7518229166666667 0.6842592592592592 0.0328125 0.23333333333333334
