11 0.15078125 0.6902777777777778 0.028645833333333332 0.36388888888888893
11 0.7161458333333334 0.7050925925925926 0.04375 0.275
0 0.13255208333333332 0.5472222222222223 0.07135416666666666 0.6574074074074074
0 0.20130208333333333 0.5462962962962963 0.07135416666666666 0.65
0 0.3338541666666667 0.5375 0.07083333333333333 0.637962962962963
0 0.46380208333333334 0.5324074074074074 0.06302083333333333 0.6407407407407407
1 0.7171875 0.6074074074074074 0.06145833333333333 0.4759259259259259
9 0.12838541666666667 0.29212962962962963 0.06614583333333333 0.13240740740740742
9 0.20130208333333333 0.2898148148148148 0.0671875 0.13703703703703704
9 0.715625 0.43703703703703706 0.0625 0.12962962962962962
8 0.33151041666666664 0.2791666666666667 0.06302083333333333 0.12685185185185185
7 0.4622395833333333 0.28564814814814815 0.058854166666666666 0.13796296296296298
10 0.21067708333333332 0.5745370370370371 0.06614583333333333 0.2490740740740741
10 0.4747395833333333 0.5782407407407407 0.058854166666666666 0.25092592592592594
