11 0.36171875 0.6356481481481482 0.0453125 0.3842592592592593
0 0.12760416666666666 0.4537037037037037 0.078125 0.7296296296296296
0 0.3578125 0.45601851851851855 0.06770833333333333 0.7435185185185186
0 0.6583333333333333 0.45462962962962966 0.05625 0.7314814814814815
2 0.8067708333333333 0.5527777777777778 0.05416666666666667 0.5370370370370371
1 0.50625 0.5532407407407408 0.06458333333333333 0.5287037037037037
1 0.20729166666666665 0.5518518518518519 0.06979166666666667 0.5333333333333333
3 0.2859375 0.5060185185185185 0.0625 0.19907407407407407
3 0.4361979166666667 0.500925925925926 0.05364583333333333 0.19444444444444445
3 0.5848958333333333 0.5013888888888889 0.057291666666666664 0.18611111111111112
9 0.12473958333333333 0.16990740740740742 0.07552083333333333 0.16203703703703703
9 0.20651041666666667 0.36712962962962964 0.06822916666666666 0.1564814814814815
8 0.36041666666666666 0.1675925925925926 0.06979166666666667 0.15555555555555556
8 0.6684895833333333 0.16666666666666669 0.06614583333333333 0.1537037037037037
5 0.5067708333333333 0.3675925925925926 0.06875 0.15185185185185185
7 0.8067708333333333 0.3601851851851852 0.065625 0.16111111111111112
10 0.20911458333333333 0.6291666666666667 0.044270833333333336 0.34351851851851856
