0 0.13645833333333332 0.4916666666666667 0.07604166666666666 0.7000000000000001
0 0.35911458333333335 0.5037037037037038 0.05572916666666666 0.6537037037037037
1 0.5020833333333333 0.5685185185185185 0.0625 0.5074074074074074
4 0.43124999999999997 0.5194444444444445 0.053125 0.1814814814814815
4 0.5760416666666667 0.5222222222222223 0.053125 0.1925925925925926
4 0.6463541666666667 0.5097222222222222 0.05 0.18796296296296297
3 0.7143229166666667 0.5939814814814816 0.0609375 0.3787037037037037
10 0.12552083333333333 0.5083333333333333 0.034375 0.27222222222222225
11 0.35833333333333334 0.6476851851851853 0.040625 0.36574074074074076
8 0.5010416666666666 0.38472222222222224 0.06041666666666667 0.1398148148148148
5 0.13463541666666667 0.2152777777777778 0.07135416666666666 0.14722222222222223
