0 0.1171875 0.47361111111111115 0.08229166666666667 0.7194444444444444
0 0.2671875 0.46944444444444444 0.07291666666666667 0.7166666666666667
0 0.41640625 0.4638888888888889 0.07135416666666666 0.7240740740740741
1 0.5619791666666667 0.5458333333333334 0.06145833333333333 0.513888888888889
1 0.6403645833333333 0.5462962962962963 0.06197916666666667 0.5055555555555555
1 0.7809895833333333 0.5523148148148148 0.057812499999999996 0.5361111111111111
9 0.1125 0.19490740740740742 0.06770833333333333 0.15092592592592594
9 0.5614583333333333 0.36435185185185187 0.06354166666666666 0.14166666666666666
8 0.2669270833333333 0.18935185185185185 0.0765625 0.14166666666666666
8 0.6401041666666667 0.36342592592592593 0.06145833333333333 0.1527777777777778
6 0.421875 0.17546296296296296 0.07916666666666666 0.15092592592592594
5 0.78203125 0.36712962962962964 0.06510416666666667 0.14722222222222223
10 0.11953124999999999 0.5046296296296297 0.05572916666666666 0.3092592592592593
10 0.26666666666666666 0.5550925925925926 0.04895833333333333 0.39537037037037037
10 0.4231770833333333 0.5032407407407408 0.044270833333333336 0.31203703703703706
11 0.6411458333333333 0.6898148148148149 0.025 0.22592592592592595
