1 0.14869791666666665 0.6046296296296296 0.06822916666666666 0.5185185185185185
1 0.4263020833333333 0.6083333333333334 0.05677083333333333 0.5259259259259259
1 0.6979166666666666 0.6050925925925926 0.058333333333333334 0.5287037037037037
2 0.29375 0.6106481481481482 0.04791666666666666 0.5120370370370371
0 0.5622395833333333 0.5125000000000001 0.0671875 0.7101851851851853
7 0.14791666666666667 0.4185185185185185 0.06979166666666667 0.1462962962962963
7 0.30078125 0.42129629629629634 0.06302083333333333 0.13703703703703704
8 0.5619791666666667 0.23564814814814816 0.06458333333333333 0.14537037037037037
8 0.7033854166666667 0.4152777777777778 0.0640625 0.14907407407407408
9 0.4276041666666667 0.4185185185185185 0.06145833333333333 0.15555555555555556
11 0.15729166666666666 0.8300925925925926 0.046875 0.07314814814814816
11 0.56640625 0.6638888888888889 0.050520833333333334 0.40740740740740744
11 0.7005208333333334 0.7453703703703703 0.05 0.24814814814814815
