5 0.78203125 0.3236111111111111 0.0546875 0.12685185185185185
1 0.7794270833333333 0.4814814814814815 0.0515625 0.46296296296296297
1 0.6559895833333333 0.4916666666666667 0.0546875 0.45740740740740743
1 0.5903645833333333 0.4986111111111111 0.0546875 0.4675925925925926
0 0.46197916666666666 0.4152777777777778 0.06145833333333333 0.6305555555555555
0 0.33177083333333335 0.42083333333333334 0.06666666666666667 0.625
0 0.1984375 0.42685185185185187 0.07395833333333333 0.625925925925926
9 0.19479166666666667 0.18194444444444446 0.06145833333333333 0.14166666666666666
9 0.5888020833333333 0.33425925925925926 0.0515625 0.14444444444444446
8 0.32916666666666666 0.1685185185185185 0.06145833333333333 0.12962962962962962
8 0.6588541666666666 0.32685185185185184 0.06041666666666667 0.12407407407407407
6 0.4614583333333333 0.1638888888888889 0.06354166666666666 0.13333333333333333
10 0.19869791666666667 0.4550925925925926 0.0453125 0.26944444444444443
10 0.33307291666666666 0.49768518518518523 0.0453125 0.35462962962962963
10 0.46197916666666666 0.4444444444444445 0.0375 0.26481481481481484
11 0.65859375 0.6162037037037037 0.027604166666666666 0.20462962962962963
