4 0.3286458333333333 0.47314814814814815 0.04895833333333333 0.1574074074074074
4 0.56953125 0.46435185185185185 0.0515625 0.15092592592592594
0 0.19739583333333333 0.4430555555555556 0.05625 0.5990740740740741
0 0.4484375 0.42962962962962964 0.053125 0.5981481481481482
1 0.63203125 0.5018518518518519 0.050520833333333334 0.43333333333333335
1 0.7518229166666667 0.4953703703703704 0.05572916666666666 0.4277777777777778
10 0.19921875 0.4666666666666667 0.04114583333333333 0.26296296296296295
10 0.4497395833333333 0.47824074074074074 0.0453125 0.30462962962962964
11 0.7606770833333333 0.6138888888888889 0.0296875 0.1851851851851852
9 0.19557291666666665 0.20370370370370372 0.057812499999999996 0.11666666666666667
5 0.44765625 0.19398148148148148 0.0546875 0.11203703703703705
5 0.6330729166666667 0.3453703703703704 0.05364583333333333 0.11296296296296297
8 0.7518229166666667 0.33935185185185185 0.0546875 0.11944444444444445
