4 0.3255208333333333 0.562962962962963 0.06041666666666667 0.17777777777777778
4 0.6015625 0.5472222222222223 0.06145833333333333 0.17037037037037037
0 0.17630208333333333 0.5222222222222223 0.06302083333333333 0.6703703703703704
0 0.4635416666666667 0.5162037037037037 0.059375 0.6824074074074075
1 0.6731770833333334 0.5953703703703704 0.0609375 0.5
1 0.8130208333333333 0.5902777777777778 0.06458333333333333 0.4990740740740741
10 0.17734375 0.5527777777777778 0.0453125 0.2962962962962963
10 0.46484375 0.563425925925926 0.05364583333333333 0.34351851851851856
11 0.82421875 0.7296296296296296 0.028645833333333332 0.21851851851851853
9 0.17916666666666667 0.2550925925925926 0.0625 0.13611111111111113
5 0.46380208333333334 0.2425925925925926 0.0546875 0.1388888888888889
5 0.6736979166666667 0.412962962962963 0.059895833333333336 0.1388888888888889
8 0.8111979166666666 0.40740740740740744 0.06302083333333333 0.13333333333333333
