3 0.42109375 0.5467592592592593 0.0453125 0.20277777777777778
0 0.2359375 0.437962962962963 0.06145833333333333 0.5944444444444444
0 0.35651041666666666 0.4356481481481482 0.05677083333333333 0.5953703703703704
0 0.5278645833333333 0.425462962962963 0.05364583333333333 0.5898148148148148
0 0.64375 0.41712962962962963 0.04375 0.5731481481481482
1 0.7010416666666667 0.4865740740740741 0.046875 0.4287037037037037
1 0.17838541666666666 0.5175925925925926 0.05364583333333333 0.4462962962962963
10 0.175 0.5745370370370371 0.03854166666666667 0.2916666666666667
10 0.240625 0.48194444444444445 0.046875 0.2935185185185185
10 0.35182291666666665 0.47731481481481486 0.0359375 0.287962962962963
10 0.5346354166666667 0.47361111111111115 0.0390625 0.28425925925925927
10 0.6442708333333333 0.47500000000000003 0.042708333333333334 0.3074074074074074
11 0.7013020833333333 0.587037037037037 0.03802083333333333 0.23333333333333334
9 0.23541666666666666 0.20046296296296298 0.052083333333333336 0.11574074074074074
5 0.7015625 0.3375 0.04791666666666666 0.12685185185185185
8 0.3536458333333333 0.18981481481481483 0.051041666666666666 0.12222222222222223
8 0.646875 0.18472222222222223 0.04791666666666666 0.10648148148148148
7 0.17942708333333332 0.3564814814814815 0.050520833333333334 0.11851851851851852
7 0.5283854166666666 0.1953703703703704 0.0515625 0.12037037037037038
