10 0.16328125 0.500462962962963 0.04739583333333333 0.2657407407407408
10 0.29765625 0.5393518518518519 0.04739583333333333 0.34351851851851856
10 0.4244791666666667 0.4912037037037037 0.041666666666666664 0.2675925925925926
11 0.60859375 0.6453703703703704 0.0265625 0.20370370370370372
0 0.16458333333333333 0.47361111111111115 0.059375 0.612037037037037
0 0.2908854166666667 0.4615740740740741 0.058854166666666666 0.6064814814814815
0 0.4200520833333333 0.4518518518518519 0.059895833333333336 0.6018518518518519
1 0.5442708333333334 0.5305555555555556 0.058333333333333334 0.4481481481481482
1 0.60859375 0.5296296296296297 0.05572916666666666 0.43703703703703706
1 0.7291666666666666 0.5231481481481481 0.06145833333333333 0.4444444444444445
9 0.16380208333333332 0.23148148148148148 0.06302083333333333 0.12407407407407407
9 0.54140625 0.37453703703703706 0.05572916666666666 0.12685185185185185
8 0.2895833333333333 0.2212962962962963 0.06145833333333333 0.13148148148148148
8 0.6075520833333333 0.3726851851851852 0.058854166666666666 0.1212962962962963
6 0.41875 0.21805555555555556 0.06041666666666667 0.13425925925925927
5 0.7307291666666667 0.36712962962962964 0.06458333333333333 0.13611111111111113
