4 0.52578125 0.513425925925926 0.049479166666666664 0.17500000000000002
4 0.24322916666666666 0.5314814814814816 0.052083333333333336 0.17777777777777778
0 0.09453125 0.487962962962963 0.0703125 0.6759259259259259
0 0.3846354166666667 0.47500000000000003 0.06510416666666667 0.7018518518518518
1 0.5989583333333334 0.5671296296296297 0.06666666666666667 0.5157407407407407
1 0.7388020833333333 0.5578703703703703 0.058854166666666666 0.5120370370370371
9 0.09479166666666666 0.21712962962962964 0.07291666666666667 0.14351851851851852
5 0.3854166666666667 0.19861111111111113 0.06458333333333333 0.15092592592592594
5 0.6 0.3791666666666667 0.065625 0.13611111111111113
8 0.7416666666666667 0.3736111111111111 0.06979166666666667 0.13796296296296298
10 0.09401041666666667 0.5189814814814815 0.04114583333333333 0.2898148148148148
10 0.3924479166666667 0.5199074074074074 0.05364583333333333 0.30462962962962964
11 0.7466145833333333 0.6967592592592593 0.0328125 0.23425925925925928
