4 0.33046875 0.5597222222222222 0.05677083333333333 0.1712962962962963
4 0.6018229166666667 0.5449074074074074 0.05572916666666666 0.1564814814814815
0 0.18541666666666667 0.5185185185185185 0.06458333333333333 0.6518518518518519
0 0.4661458333333333 0.5083333333333333 0.06458333333333333 0.6722222222222223
1 0.6736979166666667 0.5953703703703704 0.057812499999999996 0.5
1 0.8109375 0.5925925925925926 0.065625 0.49074074074074076
10 0.18671875 0.5546296296296297 0.0421875 0.28703703703703703
10 0.4661458333333333 0.5611111111111111 0.05 0.3425925925925926
11 0.8216145833333334 0.7268518518518519 0.024479166666666666 0.2111111111111111
9 0.18802083333333333 0.25833333333333336 0.06666666666666667 0.13148148148148148
5 0.4653645833333333 0.24166666666666667 0.06614583333333333 0.1388888888888889
5 0.6736979166666667 0.4185185185185185 0.06614583333333333 0.13518518518518519
8 0.8098958333333334 0.40972222222222227 0.06145833333333333 0.125
