0 0.11536458333333333 0.45925925925925926 0.0671875 0.6314814814814815
0 0.25286458333333334 0.44953703703703707 0.06302083333333333 0.6287037037037038
0 0.390625 0.44212962962962965 0.06145833333333333 0.6212962962962963
1 0.5098958333333333 0.5194444444444445 0.053125 0.45555555555555555
1 0.5791666666666666 0.5236111111111111 0.046875 0.4527777777777778
1 0.6971354166666667 0.5157407407407407 0.044270833333333336 0.4444444444444445
9 0.11614583333333334 0.2111111111111111 0.06354166666666666 0.13148148148148148
9 0.51484375 0.36712962962962964 0.0546875 0.1212962962962963
8 0.2559895833333333 0.19675925925925927 0.06614583333333333 0.12314814814814816
8 0.5802083333333333 0.36574074074074076 0.05625 0.12962962962962962
6 0.38567708333333334 0.19490740740740742 0.058854166666666666 0.13611111111111113
5 0.7020833333333333 0.3560185185185185 0.051041666666666666 0.1287037037037037
10 0.11796875 0.47962962962962963 0.04739583333333333 0.26851851851851855
10 0.25729166666666664 0.5222222222222223 0.040625 0.3574074074074074
10 0.3966145833333333 0.4828703703703704 0.049479166666666664 0.26944444444444443
11 0.5825520833333333 0.65 0.03177083333333333 0.21851851851851853
