4 0.303125 0.5148148148148148 0.04583333333333333 0.13333333333333333
4 0.5190104166666667 0.513888888888889 0.049479166666666664 0.13703703703703704
0 0.1875 0.48194444444444445 0.052083333333333336 0.5305555555555556
0 0.4127604166666667 0.48333333333333334 0.0484375 0.5296296296296297
1 0.5763020833333333 0.5527777777777778 0.044270833333333336 0.3888888888888889
1 0.68046875 0.5513888888888889 0.044270833333333336 0.3861111111111111
10 0.18802083333333333 0.5087962962962963 0.03958333333333333 0.22314814814814815
10 0.4127604166666667 0.5180555555555556 0.04739583333333333 0.2675925925925926
11 0.6848958333333334 0.6564814814814816 0.02395833333333333 0.16296296296296298
9 0.18776041666666665 0.2726851851851852 0.050520833333333334 0.11203703703703705
5 0.41510416666666666 0.2689814814814815 0.04791666666666666 0.10462962962962963
5 0.5765625 0.41111111111111115 0.04375 0.10185185185185186
8 0.6807291666666666 0.4101851851851852 0.046875 0.10370370370370371
