4 0.29140625 0.5523148148148148 0.059895833333333336 0.18425925925925926
4 0.58125 0.5361111111111111 0.06458333333333333 0.17777777777777778
0 0.13776041666666666 0.5171296296296296 0.06822916666666666 0.7101851851851853
0 0.43828125 0.4962962962962963 0.06302083333333333 0.7018518518518518
1 0.6544270833333333 0.5851851851851853 0.06302083333333333 0.5148148148148148
1 0.7958333333333333 0.5824074074074075 0.065625 0.5092592592592593
10 0.13932291666666666 0.5449074074074074 0.04635416666666667 0.30648148148148147
10 0.44088541666666664 0.549537037037037 0.05260416666666667 0.35833333333333334
11 0.8091145833333333 0.7245370370370371 0.028645833333333332 0.22314814814814815
9 0.13958333333333334 0.23287037037037037 0.065625 0.14166666666666666
5 0.43854166666666666 0.2199074074074074 0.06145833333333333 0.14351851851851852
5 0.65546875 0.3990740740740741 0.06197916666666667 0.13148148148148148
8 0.7966145833333333 0.39305555555555555 0.0640625 0.125
