10 0.20234375 0.4865740740740741 0.06614583333333333 0.24351851851851852
10 0.4513020833333333 0.49953703703703706 0.0453125 0.24351851851851852
0 0.12994791666666666 0.4550925925925926 0.06822916666666666 0.6194444444444445
0 0.19895833333333332 0.4513888888888889 0.058333333333333334 0.600925925925926
0 0.32057291666666665 0.4476851851851852 0.058854166666666666 0.5990740740740741
0 0.440625 0.44074074074074077 0.06041666666666667 0.6092592592592593
0 0.6723958333333333 0.5157407407407407 0.041666666666666664 0.4481481481481482
9 0.12630208333333334 0.21203703703703705 0.05572916666666666 0.12407407407407407
9 0.19401041666666666 0.2138888888888889 0.049479166666666664 0.11666666666666667
9 0.6770833333333334 0.3560185185185185 0.051041666666666666 0.11388888888888889
8 0.3143229166666667 0.2111111111111111 0.058854166666666666 0.12592592592592594
7 0.4380208333333333 0.21666666666666667 0.052083333333333336 0.14074074074074075
11 0.140625 0.587962962962963 0.04895833333333333 0.33333333333333337
11 0.6692708333333334 0.6087962962962963 0.034375 0.27314814814814814
