0 0.13854166666666667 0.5458333333333334 0.05416666666666667 0.6361111111111112
1 0.21197916666666666 0.6143518518518519 0.06354166666666666 0.4990740740740741
0 0.35390625 0.5203703703703704 0.058854166666666666 0.6666666666666667
4 0.42161458333333335 0.5203703703703704 0.05364583333333333 0.16296296296296298
1 0.4921875 0.6273148148148149 0.04583333333333333 0.44537037037037036
0 0.5622395833333333 0.5435185185185185 0.0515625 0.6129629629629629
0 0.6252604166666667 0.5430555555555556 0.04739583333333333 0.6083333333333334
3 0.690625 0.6046296296296296 0.05520833333333333 0.34814814814814815
2 0.7578125 0.6050925925925926 0.05520833333333333 0.48055555555555557
9 0.21171874999999998 0.43333333333333335 0.06302083333333333 0.14444444444444446
8 0.35390625 0.2555555555555556 0.058854166666666666 0.13703703703703704
7 0.7575520833333333 0.4277777777777778 0.05260416666666667 0.1277777777777778
10 0.20989583333333334 0.6898148148148149 0.036458333333333336 0.29074074074074074
11 0.3528645833333333 0.6768518518518519 0.033854166666666664 0.35185185185185186
10 0.5541666666666667 0.5675925925925926 0.03333333333333333 0.2777777777777778
10 0.63125 0.5671296296296297 0.034375 0.2953703703703704
