4 0.32265625 0.5564814814814815 0.057812499999999996 0.17777777777777778
4 0.5901041666666667 0.5402777777777777 0.06041666666666667 0.16944444444444445
0 0.17578125 0.5226851851851853 0.0640625 0.6527777777777778
0 0.45546875 0.5060185185185185 0.06197916666666667 0.6620370370370371
1 0.6614583333333334 0.5847222222222223 0.0625 0.4898148148148148
1 0.7984375 0.5819444444444445 0.06354166666666666 0.487962962962963
10 0.17473958333333334 0.5537037037037037 0.044270833333333336 0.2814814814814815
10 0.4557291666666667 0.5564814814814815 0.052083333333333336 0.32962962962962966
11 0.81015625 0.7143518518518519 0.0296875 0.20277777777777778
9 0.17526041666666667 0.26666666666666666 0.0671875 0.1388888888888889
5 0.45416666666666666 0.24305555555555555 0.06458333333333333 0.14166666666666666
5 0.6619791666666667 0.40972222222222227 0.06145833333333333 0.13425925925925927
8 0.7973958333333333 0.40046296296296297 0.06041666666666667 0.1287037037037037
