0 0.16770833333333332 0.5356481481481482 0.065625 0.7268518518518519
0 0.41041666666666665 0.500925925925926 0.06770833333333333 0.7685185185185186
1 0.24973958333333332 0.612037037037037 0.0703125 0.5685185185185185
1 0.5671875 0.6189814814814815 0.05520833333333333 0.5120370370370371
0 0.72578125 0.5148148148148148 0.057812499999999996 0.7092592592592593
4 0.33515625 0.5532407407407408 0.06302083333333333 0.2064814814814815
4 0.4888020833333333 0.5398148148148149 0.06197916666666667 0.18888888888888888
4 0.6450520833333333 0.5370370370370371 0.059895833333333336 0.19444444444444445
2 0.8752604166666667 0.5796296296296296 0.0640625 0.5555555555555556
9 0.24973958333333332 0.4064814814814815 0.07239583333333333 0.1574074074074074
8 0.4114583333333333 0.19444444444444445 0.06770833333333333 0.16296296296296298
7 0.8770833333333333 0.3717592592592593 0.06354166666666666 0.14351851851851852
11 0.4125 0.6824074074074075 0.03854166666666667 0.40185185185185185
10 0.2505208333333333 0.6981481481481482 0.0375 0.3388888888888889
10 0.73515625 0.5472222222222223 0.0390625 0.33333333333333337
