1 0.14739583333333334 0.5148148148148148 0.06458333333333333 0.49259259259259264
1 0.2825520833333333 0.5115740740740741 0.06197916666666667 0.4898148148148148
1 0.41380208333333335 0.5046296296296297 0.058854166666666666 0.4851851851851852
0 0.5375 0.4375 0.051041666666666666 0.5990740740740741
0 0.72421875 0.42962962962962964 0.04739583333333333 0.587037037037037
1 0.6630208333333333 0.4953703703703704 0.05416666666666667 0.46296296296296297
10 0.15703125 0.5972222222222222 0.044270833333333336 0.26481481481481484
10 0.7390625 0.4763888888888889 0.015625 0.1398148148148148
11 0.4158854166666667 0.6180555555555556 0.04739583333333333 0.26203703703703707
11 0.5388020833333333 0.5560185185185186 0.0453125 0.36203703703703705
11 0.6619791666666667 0.6189814814814815 0.04375 0.2212962962962963
7 0.14713541666666666 0.33935185185185185 0.06197916666666667 0.13796296296296298
5 0.2830729166666667 0.3351851851851852 0.0609375 0.13703703703703704
6 0.41328125 0.32916666666666666 0.057812499999999996 0.13796296296296298
8 0.6625 0.32731481481481484 0.05520833333333333 0.12685185185185185
