3 0.4510416666666667 0.538425925925926 0.0375 0.1824074074074074
0 0.28515625 0.44027777777777777 0.050520833333333334 0.5398148148148149
0 0.39375 0.43194444444444446 0.053125 0.5398148148148149
0 0.553125 0.42962962962962964 0.05 0.5240740740740741
0 0.6596354166666667 0.4199074074074074 0.0453125 0.5342592592592593
1 0.7127604166666667 0.487962962962963 0.0453125 0.3888888888888889
1 0.2328125 0.5074074074074074 0.04791666666666666 0.40740740740740744
10 0.22916666666666666 0.5574074074074075 0.034375 0.26296296296296295
10 0.2872395833333333 0.47824074074074074 0.04635416666666667 0.26944444444444443
10 0.3919270833333333 0.47314814814814815 0.03177083333333333 0.26666666666666666
10 0.55859375 0.46481481481481485 0.0359375 0.25925925925925924
10 0.6609375 0.47361111111111115 0.03958333333333333 0.2898148148148148
11 0.7130208333333333 0.5750000000000001 0.036458333333333336 0.20925925925925926
9 0.2859375 0.22361111111111112 0.04895833333333333 0.10648148148148148
5 0.7122395833333334 0.3462962962962963 0.04635416666666667 0.10555555555555556
8 0.3921875 0.2152777777777778 0.04583333333333333 0.09537037037037037
8 0.6588541666666666 0.20185185185185187 0.041666666666666664 0.11111111111111112
7 0.23072916666666665 0.36388888888888893 0.04791666666666666 0.10925925925925926
7 0.55234375 0.21481481481481482 0.0484375 0.10555555555555556
