4 0.29296875 0.5388888888888889 0.06302083333333333 0.17222222222222222
4 0.5619791666666667 0.5152777777777778 0.053125 0.16574074074074074
0 0.14244791666666667 0.5013888888888889 0.0671875 0.6564814814814816
0 0.4265625 0.4842592592592593 0.059375 0.6592592592592593
1 0.6315104166666666 0.5583333333333333 0.057812499999999996 0.4759259259259259
1 0.7611979166666667 0.5546296296296297 0.058854166666666666 0.4777777777777778
10 0.14505208333333333 0.5393518518518519 0.04635416666666667 0.28611111111111115
10 0.43072916666666666 0.5365740740740741 0.053125 0.33981481481481485
11 0.7721354166666666 0.6814814814814815 0.028645833333333332 0.20925925925925926
9 0.14114583333333333 0.24537037037037038 0.06979166666666667 0.13148148148148148
5 0.4276041666666667 0.225 0.053125 0.1388888888888889
5 0.63125 0.39166666666666666 0.06041666666666667 0.1277777777777778
8 0.7580729166666667 0.3787037037037037 0.05364583333333333 0.12962962962962962
