3 0.45 0.6166666666666667 0.04583333333333333 0.2111111111111111
0 0.25807291666666665 0.5055555555555555 0.058854166666666666 0.6166666666666667
0 0.38255208333333335 0.4981481481481482 0.058854166666666666 0.6166666666666667
0 0.5640625 0.49074074074074076 0.057291666666666664 0.6111111111111112
0 0.6901041666666666 0.48333333333333334 0.057291666666666664 0.6203703703703703
1 0.7505208333333333 0.5601851851851852 0.05416666666666667 0.45740740740740743
1 0.19895833333333332 0.5888888888888889 0.059375 0.46296296296296297
10 0.19739583333333333 0.6444444444444445 0.036458333333333336 0.29444444444444445
10 0.2625 0.5481481481481482 0.05520833333333333 0.3074074074074074
10 0.38255208333333335 0.5425925925925926 0.03697916666666667 0.3111111111111111
10 0.5713541666666666 0.537962962962963 0.04375 0.29814814814814816
10 0.6875 0.5398148148148149 0.046875 0.32962962962962966
11 0.7497395833333333 0.6615740740740741 0.04010416666666666 0.25092592592592594
9 0.25807291666666665 0.25972222222222224 0.05364583333333333 0.1212962962962963
5 0.7510416666666666 0.39537037037037037 0.051041666666666666 0.1277777777777778
8 0.38203125 0.250462962962963 0.057812499999999996 0.1175925925925926
8 0.6901041666666666 0.23703703703703705 0.05520833333333333 0.12407407407407407
7 0.56484375 0.24722222222222223 0.05364583333333333 0.12407407407407407
7 0.20052083333333334 0.41481481481481486 0.05625 0.11481481481481481
