5 0.7341145833333333 0.3712962962962963 0.059895833333333336 0.13333333333333333
0 0.13515625 0.48333333333333334 0.0609375 0.6407407407407407
0 0.2799479166666667 0.475462962962963 0.07239583333333333 0.6509259259259259
0 0.41119791666666666 0.4712962962962963 0.06197916666666667 0.6407407407407407
1 0.5419270833333333 0.5393518518518519 0.0546875 0.45462962962962966
1 0.60546875 0.5472222222222223 0.044270833333333336 0.4481481481481482
1 0.73515625 0.5351851851851852 0.06302083333333333 0.47222222222222227
9 0.14192708333333334 0.23101851851851854 0.07447916666666667 0.13611111111111113
9 0.5434895833333333 0.38101851851851853 0.059895833333333336 0.13425925925925927
8 0.2747395833333333 0.21851851851851853 0.06302083333333333 0.13703703703703704
8 0.61171875 0.3851851851851852 0.058854166666666666 0.12962962962962962
6 0.4153645833333333 0.21157407407407408 0.0640625 0.15092592592592594
10 0.13463541666666667 0.513888888888889 0.0421875 0.2777777777777778
10 0.28203125 0.5560185185185186 0.049479166666666664 0.3675925925925926
10 0.42578125 0.512962962962963 0.049479166666666664 0.27037037037037037
11 0.6130208333333333 0.6703703703703704 0.029166666666666667 0.21666666666666667
