0 0.09010416666666667 0.5291666666666667 0.06875 0.7194444444444444
0 0.39765625 0.5074074074074074 0.06510416666666667 0.7148148148148148
1 0.6190104166666667 0.5962962962962963 0.059895833333333336 0.512962962962963
1 0.759375 0.5935185185185186 0.06145833333333333 0.5166666666666667
4 0.2518229166666667 0.5694444444444444 0.059895833333333336 0.1814814814814815
4 0.54765625 0.5435185185185185 0.05260416666666667 0.17777777777777778
8 0.08932291666666667 0.23981481481481481 0.07552083333333333 0.14814814814814814
5 0.3989583333333333 0.22685185185185186 0.06458333333333333 0.14814814814814814
5 0.6200520833333333 0.4064814814814815 0.058854166666666666 0.1462962962962963
8 0.759375 0.39537037037037037 0.06458333333333333 0.13518518518518519
11 0.7716145833333333 0.7199074074074074 0.028645833333333332 0.2138888888888889
10 0.090625 0.5597222222222222 0.0625 0.32685185185185184
10 0.3963541666666667 0.5611111111111111 0.058333333333333334 0.362962962962963
