3 0.39375 0.6273148148148149 0.04375 0.2138888888888889
0 0.18177083333333333 0.5037037037037038 0.06354166666666666 0.6537037037037037
0 0.31744791666666666 0.49722222222222223 0.059895833333333336 0.6555555555555556
0 0.5114583333333333 0.4912037037037037 0.058333333333333334 0.637962962962963
0 0.6411458333333333 0.4842592592592593 0.05520833333333333 0.6333333333333333
1 0.11744791666666667 0.5967592592592593 0.06302083333333333 0.49722222222222223
1 0.6997395833333333 0.5578703703703703 0.05260416666666667 0.4675925925925926
10 0.11328125 0.6597222222222222 0.04114583333333333 0.31574074074074077
10 0.1859375 0.5574074074074075 0.06354166666666666 0.30185185185185187
10 0.3177083333333333 0.5425925925925926 0.03854166666666667 0.3314814814814815
10 0.5182291666666666 0.5412037037037037 0.04479166666666667 0.2990740740740741
10 0.63984375 0.5444444444444445 0.049479166666666664 0.3388888888888889
11 0.7010416666666667 0.6615740740740741 0.04895833333333333 0.25092592592592594
9 0.18020833333333333 0.24537037037037038 0.06041666666666667 0.13148148148148148
5 0.7026041666666667 0.3902777777777778 0.05416666666666667 0.1287037037037037
8 0.31744791666666666 0.2337962962962963 0.059895833333333336 0.12685185185185185
8 0.6403645833333333 0.22731481481481483 0.05677083333333333 0.11944444444444445
7 0.11484375 0.41435185185185186 0.06302083333333333 0.1287037037037037
7 0.5127604166666666 0.23703703703703705 0.058854166666666666 0.1277777777777778
