4 0.3015625 0.5185185185185185 0.051041666666666666 0.15
4 0.52578125 0.5152777777777778 0.049479166666666664 0.13425925925925927
0 0.18541666666666667 0.4814814814814815 0.051041666666666666 0.55
0 0.41640625 0.47824074074074074 0.049479166666666664 0.5472222222222223
1 0.5854166666666667 0.5564814814814815 0.04791666666666666 0.3962962962962963
1 0.6921875 0.5574074074074075 0.051041666666666666 0.39814814814814814
10 0.184375 0.5097222222222222 0.040625 0.23611111111111113
10 0.41770833333333335 0.5240740740740741 0.03854166666666667 0.2796296296296296
11 0.6973958333333333 0.6708333333333334 0.021875 0.1675925925925926
9 0.18723958333333332 0.2638888888888889 0.0515625 0.10925925925925926
5 0.41796875 0.26712962962962966 0.050520833333333334 0.11203703703703705
5 0.5859375 0.4138888888888889 0.04895833333333333 0.10740740740740741
8 0.6932291666666667 0.4134259259259259 0.04375 0.10277777777777779
