4 0.3015625 0.5462962962962963 0.05625 0.16111111111111112
4 0.55859375 0.5222222222222223 0.05260416666666667 0.1574074074074074
0 0.16067708333333333 0.5185185185185185 0.06197916666666667 0.6333333333333333
0 0.428125 0.4916666666666667 0.05625 0.6240740740740741
1 0.6252604166666667 0.5671296296296297 0.058854166666666666 0.45462962962962966
1 0.746875 0.5587962962962963 0.05625 0.45462962962962966
10 0.16171875 0.5435185185185185 0.0421875 0.2777777777777778
10 0.43255208333333334 0.5425925925925926 0.049479166666666664 0.31666666666666665
11 0.7591145833333334 0.6800925925925926 0.0234375 0.19722222222222224
9 0.16223958333333333 0.2689814814814815 0.06302083333333333 0.1287037037037037
5 0.42734374999999997 0.24629629629629632 0.0546875 0.12962962962962962
5 0.6252604166666667 0.4013888888888889 0.05364583333333333 0.1212962962962963
8 0.7466145833333333 0.38703703703703707 0.0546875 0.11666666666666667
