0 0.17005208333333333 0.4689814814814815 0.0515625 0.537962962962963
1 0.23229166666666667 0.5236111111111111 0.05520833333333333 0.41203703703703703
0 0.35234375 0.4430555555555556 0.0515625 0.5638888888888889
4 0.40989583333333335 0.4449074074074074 0.04375 0.14537037037037037
1 0.47031249999999997 0.5268518518518519 0.04375 0.37592592592592594
0 0.528125 0.45555555555555555 0.03958333333333333 0.5166666666666667
0 0.5848958333333333 0.45601851851851855 0.03854166666666667 0.5120370370370371
3 0.6393229166666666 0.5064814814814815 0.04739583333333333 0.29444444444444445
2 0.6950520833333333 0.5041666666666667 0.04635416666666667 0.4027777777777778
10 0.23541666666666666 0.5935185185185186 0.035416666666666666 0.2518518518518519
11 0.3567708333333333 0.5768518518518518 0.034375 0.2925925925925926
10 0.525 0.4810185185185185 0.036458333333333336 0.23425925925925928
10 0.5890625 0.4800925925925926 0.030208333333333334 0.24166666666666667
9 0.23229166666666667 0.3773148148148148 0.05520833333333333 0.12314814814814816
8 0.35130208333333335 0.22083333333333335 0.050520833333333334 0.1175925925925926
7 0.6953125 0.35833333333333334 0.04375 0.10925925925925926
