4 0.30104166666666665 0.5263888888888889 0.05416666666666667 0.16574074074074074
4 0.5643229166666667 0.5143518518518518 0.0515625 0.15833333333333333
0 0.16588541666666667 0.487962962962963 0.0640625 0.6222222222222222
0 0.4315104166666667 0.4759259259259259 0.057812499999999996 0.6407407407407407
1 0.6278645833333333 0.5583333333333333 0.058854166666666666 0.4703703703703704
1 0.7575520833333333 0.5578703703703703 0.059895833333333336 0.47314814814814815
10 0.16536458333333334 0.5175925925925926 0.04635416666666667 0.2796296296296296
10 0.43255208333333334 0.5263888888888889 0.0484375 0.3138888888888889
11 0.7653645833333333 0.687962962962963 0.027604166666666666 0.19814814814814816
9 0.16458333333333333 0.23935185185185187 0.059375 0.12314814814814816
5 0.43046875 0.22592592592592595 0.05572916666666666 0.14074074074074075
5 0.6278645833333333 0.38796296296296295 0.05364583333333333 0.12407407407407407
8 0.7604166666666666 0.39166666666666666 0.06041666666666667 0.12592592592592594
