0 0.15260416666666665 0.47500000000000003 0.06666666666666667 0.6425925925925926
0 0.3567708333333333 0.49444444444444446 0.051041666666666666 0.6
1 0.4875 0.5513888888888889 0.0625 0.4712962962962963
4 0.4223958333333333 0.5078703703703704 0.04583333333333333 0.1638888888888889
4 0.5546875 0.5101851851851852 0.046875 0.17037037037037037
4 0.6213541666666667 0.49953703703703706 0.046875 0.16203703703703703
3 0.6848958333333334 0.5791666666666667 0.057291666666666664 0.3416666666666667
5 0.1515625 0.2212962962962963 0.06354166666666666 0.14074074074074075
8 0.48671875 0.3814814814814815 0.059895833333333336 0.13148148148148148
10 0.14557291666666666 0.4865740740740741 0.03177083333333333 0.24537037037037038
11 0.3559895833333333 0.6240740740740741 0.030729166666666665 0.3351851851851852
