7 0.25078125 0.4083333333333333 0.0484375 0.1
0 0.5572916666666666 0.2555555555555556 0.04583333333333333 0.10185185185185186
9 0.3013020833333333 0.27222222222222225 0.049479166666666664 0.10555555555555556
5 0.71328125 0.3787037037037037 0.044270833333333336 0.1
8 0.40598958333333335 0.25972222222222224 0.049479166666666664 0.09351851851851853
8 0.6625 0.2513888888888889 0.046875 0.10092592592592593
1 0.2544270833333333 0.5509259259259259 0.049479166666666664 0.38703703703703707
1 0.7153645833333333 0.5175925925925926 0.04635416666666667 0.37962962962962965
0 0.3065104166666667 0.48055555555555557 0.059895833333333336 0.5222222222222223
0 0.4127604166666667 0.475462962962963 0.07239583333333333 0.5305555555555556
0 0.5609375 0.4638888888888889 0.057291666666666664 0.5166666666666667
0 0.6598958333333333 0.45601851851851855 0.04895833333333333 0.5101851851851852
3 0.46640624999999997 0.6111111111111112 0.04114583333333333 0.2388888888888889
11 0.7127604166666667 0.6032407407407407 0.0421875 0.20462962962962963
10 0.24739583333333334 0.6050925925925926 0.027083333333333334 0.22685185185185186
10 0.30833333333333335 0.5111111111111112 0.05416666666666667 0.20555555555555557
10 0.39765625 0.48333333333333334 0.022395833333333334 0.18703703703703706
10 0.5674479166666666 0.5046296296296297 0.034895833333333334 0.2
10 0.6609375 0.5069444444444444 0.04479166666666667 0.28425925925925927
