0 0.17447916666666666 0.4902777777777778 0.04895833333333333 0.612037037037037
1 0.24453125 0.5546296296296297 0.06197916666666667 0.4740740740740741
0 0.3796875 0.4638888888888889 0.05520833333333333 0.65
4 0.31354166666666666 0.5064814814814815 0.04895833333333333 0.1685185185185185
4 0.44765625 0.49722222222222223 0.050520833333333334 0.1574074074074074
4 0.5778645833333333 0.49768518518518523 0.04739583333333333 0.16203703703703703
1 0.5127604166666666 0.563425925925926 0.04739583333333333 0.4287037037037037
1 0.6486979166666667 0.47685185185185186 0.0515625 0.5907407407407408
2 0.7705729166666666 0.5370370370370371 0.05260416666666667 0.47222222222222227
9 0.24322916666666666 0.3800925925925926 0.058333333333333334 0.13055555555555556
8 0.3807291666666667 0.20416666666666666 0.05416666666666667 0.13611111111111113
7 0.7713541666666667 0.36435185185185187 0.051041666666666666 0.12314814814814816
10 0.24010416666666667 0.625462962962963 0.029166666666666667 0.28611111111111115
11 0.37994791666666666 0.6208333333333333 0.028645833333333332 0.32685185185185184
10 0.6518229166666667 0.5120370370370371 0.0328125 0.2888888888888889
