3 0.4002604166666667 0.6231481481481481 0.04739583333333333 0.21851851851851853
0 0.19192708333333333 0.5050925925925926 0.0671875 0.6564814814814816
0 0.328125 0.49444444444444446 0.06041666666666667 0.6537037037037037
0 0.51953125 0.4865740740740741 0.06197916666666667 0.6287037037037038
0 0.6497395833333334 0.4777777777777778 0.05364583333333333 0.6314814814814815
1 0.12760416666666666 0.5944444444444444 0.06458333333333333 0.48703703703703705
1 0.709375 0.5550925925925926 0.057291666666666664 0.4620370370370371
10 0.12447916666666667 0.6537037037037037 0.04375 0.31851851851851853
10 0.19479166666666667 0.5560185185185186 0.05416666666666667 0.325
10 0.32421875 0.5449074074074074 0.0359375 0.3175925925925926
10 0.528125 0.537962962962963 0.042708333333333334 0.2962962962962963
10 0.6489583333333333 0.5421296296296296 0.04895833333333333 0.33611111111111114
11 0.71015625 0.6625 0.0453125 0.2490740740740741
9 0.19140625 0.24212962962962964 0.0609375 0.1287037037037037
5 0.7098958333333333 0.3893518518518519 0.05625 0.1212962962962963
8 0.32838541666666665 0.23194444444444445 0.059895833333333336 0.12314814814814816
8 0.6486979166666667 0.225 0.05364583333333333 0.12407407407407407
7 0.12890625 0.4138888888888889 0.06197916666666667 0.12592592592592594
7 0.51875 0.2337962962962963 0.05520833333333333 0.12685185185185185
