4 0.3229166666666667 0.549537037037037 0.057291666666666664 0.17314814814814816
4 0.5916666666666667 0.5421296296296296 0.052083333333333336 0.17314814814814816
0 0.18359375 0.5199074074074074 0.058854166666666666 0.6453703703703704
0 0.45703125 0.500925925925926 0.057812499999999996 0.6481481481481481
1 0.6614583333333334 0.5842592592592593 0.058333333333333334 0.48333333333333334
1 0.79453125 0.5768518518518518 0.0609375 0.48333333333333334
10 0.18255208333333334 0.5462962962962963 0.0421875 0.2888888888888889
10 0.4578125 0.5527777777777778 0.053125 0.32592592592592595
11 0.80625 0.7106481481481481 0.028125 0.20277777777777778
9 0.18385416666666665 0.2574074074074074 0.059375 0.11666666666666667
5 0.4591145833333333 0.24166666666666667 0.058854166666666666 0.12037037037037038
5 0.6614583333333334 0.4050925925925926 0.06041666666666667 0.1287037037037037
8 0.7932291666666667 0.4027777777777778 0.065625 0.12962962962962962
