0 0.17838541666666666 0.48842592592592593 0.0546875 0.5972222222222222
0 0.3059895833333333 0.48750000000000004 0.05677083333333333 0.587962962962963
0 0.42682291666666666 0.4861111111111111 0.05364583333333333 0.5962962962962963
0 0.5526041666666667 0.4990740740740741 0.041666666666666664 0.5518518518518519
0 0.6763020833333333 0.4726851851851852 0.0515625 0.6046296296296296
10 0.1703125 0.4967592592592593 0.029166666666666667 0.21944444444444444
10 0.4354166666666667 0.537962962962963 0.03854166666666667 0.2611111111111111
10 0.6770833333333334 0.5041666666666667 0.0375 0.25833333333333336
5 0.178125 0.2513888888888889 0.058333333333333334 0.12314814814814816
6 0.3052083333333333 0.25277777777777777 0.05625 0.12037037037037038
7 0.42682291666666666 0.24953703703703706 0.05364583333333333 0.13055555555555556
8 0.6755208333333333 0.23101851851851854 0.051041666666666666 0.1212962962962963
11 0.5536458333333333 0.6203703703703703 0.028125 0.3111111111111111
