0 0.17161458333333332 0.5185185185185185 0.06197916666666667 0.7166666666666667
0 0.41354166666666664 0.48703703703703705 0.06770833333333333 0.7648148148148148
0 0.73203125 0.5074074074074074 0.0609375 0.7148148148148148
1 0.253125 0.5935185185185186 0.06979166666666667 0.5592592592592592
1 0.5690104166666666 0.612037037037037 0.0546875 0.5111111111111112
2 0.8820312499999999 0.5782407407407407 0.0640625 0.5657407407407408
4 0.33671875 0.5402777777777777 0.06197916666666667 0.20092592592592592
4 0.49192708333333335 0.5296296296296297 0.059895833333333336 0.18703703703703706
4 0.6481770833333333 0.5296296296296297 0.059895833333333336 0.18703703703703706
9 0.253125 0.39166666666666666 0.071875 0.15185185185185185
8 0.41432291666666665 0.18564814814814815 0.06822916666666666 0.15833333333333333
7 0.8825520833333333 0.3717592592592593 0.06302083333333333 0.14722222222222223
11 0.41302083333333334 0.6833333333333333 0.03333333333333333 0.37222222222222223
10 0.2515625 0.6856481481481482 0.035416666666666666 0.33055555555555555
10 0.7380208333333333 0.5402777777777777 0.0375 0.3231481481481482
