4 0.3151041666666667 0.524537037037037 0.052083333333333336 0.1787037037037037
4 0.5807291666666666 0.5074074074074074 0.04895833333333333 0.1574074074074074
0 0.17265625 0.4861111111111111 0.0640625 0.6481481481481481
0 0.4471354166666667 0.47685185185185186 0.05364583333333333 0.6518518518518519
1 0.6497395833333334 0.5569444444444445 0.05677083333333333 0.48240740740740745
1 0.7825520833333334 0.5550925925925926 0.058854166666666666 0.47314814814814815
10 0.16875 0.5143518518518518 0.04479166666666667 0.28055555555555556
10 0.44817708333333334 0.5263888888888889 0.050520833333333334 0.3287037037037037
11 0.7921875 0.6856481481481482 0.027083333333333334 0.2064814814814815
9 0.17135416666666667 0.22824074074074074 0.06145833333333333 0.13240740740740742
5 0.4458333333333333 0.21712962962962964 0.05625 0.13425925925925927
5 0.6505208333333333 0.38287037037037036 0.06041666666666667 0.13425925925925927
8 0.7825520833333334 0.3768518518518519 0.06197916666666667 0.12592592592592594
