4 0.33307291666666666 0.5601851851851852 0.05572916666666666 0.17037037037037037
4 0.6065104166666666 0.5439814814814815 0.0546875 0.1675925925925926
0 0.19166666666666665 0.524537037037037 0.06041666666666667 0.6638888888888889
0 0.46796875 0.5097222222222222 0.057812499999999996 0.6694444444444445
1 0.6747395833333333 0.587962962962963 0.05364583333333333 0.49444444444444446
1 0.8135416666666666 0.5912037037037037 0.06354166666666666 0.49722222222222223
10 0.19166666666666665 0.5513888888888889 0.04375 0.2953703703703704
10 0.46875 0.5625 0.04791666666666666 0.33611111111111114
11 0.82421875 0.7314814814814815 0.025520833333333333 0.21296296296296297
9 0.19010416666666666 0.2587962962962963 0.06041666666666667 0.13425925925925927
5 0.46822916666666664 0.24444444444444446 0.058333333333333334 0.13518518518518519
5 0.6765625 0.41712962962962963 0.06354166666666666 0.14351851851851852
8 0.8151041666666666 0.40972222222222227 0.0625 0.125
