0 0.10911458333333333 0.48750000000000004 0.0671875 0.675
0 0.25338541666666664 0.49212962962962964 0.06197916666666667 0.6657407407407407
0 0.3921875 0.48842592592592593 0.059375 0.6583333333333333
0 0.5315104166666667 0.5087962962962963 0.04635416666666667 0.6083333333333334
0 0.66875 0.4810185185185185 0.057291666666666664 0.6620370370370371
10 0.0984375 0.5041666666666667 0.029166666666666667 0.2638888888888889
10 0.4002604166666667 0.5439814814814815 0.04114583333333333 0.2953703703703704
10 0.6666666666666666 0.5194444444444445 0.041666666666666664 0.2814814814814815
5 0.10989583333333333 0.22361111111111112 0.065625 0.14166666666666666
6 0.25364583333333335 0.22685185185185186 0.06354166666666666 0.14074074074074075
7 0.3927083333333333 0.22685185185185186 0.06145833333333333 0.13703703703703704
8 0.6677083333333333 0.21481481481481482 0.058333333333333334 0.13703703703703704
11 0.5328125 0.6421296296296296 0.029166666666666667 0.33981481481481485
