0 0.08359375 0.4430555555555556 0.0859375 0.687962962962963
0 0.22630208333333332 0.4277777777777778 0.07552083333333333 0.6944444444444444
0 0.3690104166666667 0.4226851851851852 0.058854166666666666 0.6898148148148149
1 0.5088541666666666 0.5087962962962963 0.059375 0.48240740740740745
1 0.5825520833333333 0.5087962962962963 0.07239583333333333 0.4861111111111111
1 0.7075520833333333 0.49259259259259264 0.05572916666666666 0.4851851851851852
9 0.07369791666666667 0.1736111111111111 0.07135416666666666 0.1527777777777778
9 0.5059895833333333 0.33101851851851855 0.05677083333333333 0.14537037037037037
8 0.22057291666666667 0.15694444444444444 0.0671875 0.14907407407407408
8 0.57734375 0.3287037037037037 0.058854166666666666 0.14074074074074075
6 0.37083333333333335 0.1574074074074074 0.065625 0.1462962962962963
5 0.709375 0.3199074074074074 0.06354166666666666 0.14907407407407408
10 0.07682291666666667 0.46944444444444444 0.0484375 0.29814814814814816
10 0.23255208333333333 0.5236111111111111 0.059895833333333336 0.3842592592592593
10 0.3776041666666667 0.46990740740740744 0.04375 0.2638888888888889
11 0.5825520833333333 0.6337962962962963 0.03177083333333333 0.2212962962962963
