3 0.45078124999999997 0.6106481481481482 0.044270833333333336 0.1953703703703704
0 0.2671875 0.5097222222222222 0.05625 0.5824074074074075
0 0.3859375 0.5 0.052083333333333336 0.5833333333333334
0 0.55859375 0.4912037037037037 0.0546875 0.5805555555555556
0 0.6744791666666666 0.48240740740740745 0.051041666666666666 0.5796296296296296
1 0.73125 0.5472222222222223 0.04895833333333333 0.4240740740740741
1 0.21015625 0.587962962962963 0.05364583333333333 0.44074074074074077
10 0.20729166666666665 0.6416666666666667 0.0375 0.29074074074074074
10 0.26796875 0.5523148148148148 0.049479166666666664 0.287962962962963
10 0.38307291666666665 0.5425925925925926 0.0328125 0.28703703703703703
10 0.56484375 0.5310185185185186 0.0390625 0.27314814814814814
10 0.6776041666666667 0.5342592592592593 0.04375 0.3092592592592593
11 0.7328125 0.6444444444444445 0.04375 0.23148148148148148
9 0.26666666666666666 0.27685185185185185 0.05 0.11666666666666667
5 0.7309895833333333 0.3939814814814815 0.0453125 0.11203703703703705
8 0.3859375 0.2606481481481482 0.046875 0.11203703703703705
8 0.675 0.24675925925925926 0.05520833333333333 0.10833333333333334
7 0.20833333333333334 0.42824074074074076 0.051041666666666666 0.11203703703703705
7 0.5580729166666667 0.2601851851851852 0.050520833333333334 0.11666666666666667
