0 0.15 0.5333333333333333 0.05416666666666667 0.6037037037037037
1 0.22109375 0.5935185185185186 0.059895833333333336 0.4740740740740741
0 0.3567708333333333 0.5055555555555555 0.057291666666666664 0.6370370370370371
1 0.4890625 0.6060185185185185 0.04583333333333333 0.42685185185185187
4 0.4200520833333333 0.5060185185185185 0.050520833333333334 0.16018518518518518
0 0.5533854166666666 0.5277777777777778 0.04739583333333333 0.5833333333333334
0 0.61796875 0.524537037037037 0.0484375 0.5861111111111111
3 0.6786458333333333 0.5856481481481481 0.051041666666666666 0.32685185185185184
2 0.7411458333333333 0.5824074074074075 0.052083333333333336 0.45555555555555555
9 0.22083333333333333 0.4236111111111111 0.06145833333333333 0.14351851851851852
8 0.35703125 0.25416666666666665 0.05572916666666666 0.13240740740740742
7 0.7408854166666666 0.41574074074074074 0.050520833333333334 0.12222222222222223
11 0.3541666666666667 0.6578703703703704 0.03229166666666666 0.33240740740740743
