0 0.16692708333333334 0.5194444444444445 0.05260416666666667 0.5925925925925926
0 0.2908854166666667 0.5222222222222223 0.05364583333333333 0.587037037037037
0 0.4119791666666667 0.5199074074074074 0.05416666666666667 0.5898148148148148
0 0.53515625 0.5425925925925926 0.04114583333333333 0.5518518518518519
0 0.65859375 0.5175925925925926 0.05260416666666667 0.6092592592592593
10 0.15546875 0.5222222222222223 0.0234375 0.20555555555555557
10 0.41744791666666664 0.5768518518518518 0.0390625 0.27037037037037037
10 0.65703125 0.5481481481481482 0.0421875 0.26296296296296295
5 0.16770833333333332 0.28425925925925927 0.05416666666666667 0.12407407407407407
6 0.29010416666666666 0.2888888888888889 0.052083333333333336 0.12222222222222223
7 0.4119791666666667 0.287962962962963 0.053125 0.12962962962962962
8 0.65859375 0.27592592592592596 0.05260416666666667 0.12592592592592594
11 0.5348958333333333 0.6611111111111111 0.026041666666666668 0.3092592592592593
