0 0.0796875 0.4486111111111111 0.08333333333333333 0.6694444444444445
0 0.22239583333333332 0.44074074074074077 0.078125 0.6814814814814815
0 0.36484375 0.4305555555555556 0.0671875 0.662962962962963
1 0.5005208333333333 0.5115740740740741 0.058333333333333334 0.4675925925925926
1 0.5690104166666666 0.5152777777777778 0.0640625 0.48240740740740745
1 0.6953125 0.4962962962962963 0.053125 0.47222222222222227
9 0.07760416666666667 0.18888888888888888 0.071875 0.1462962962962963
9 0.4979166666666667 0.3490740740740741 0.05625 0.1388888888888889
8 0.22057291666666667 0.1736111111111111 0.0671875 0.1398148148148148
8 0.5703125 0.33842592592592596 0.06458333333333333 0.14166666666666666
6 0.36744791666666665 0.1685185185185185 0.0609375 0.1388888888888889
5 0.7005208333333334 0.33472222222222225 0.051041666666666666 0.1398148148148148
10 0.08151041666666667 0.4810185185185185 0.044270833333333336 0.2898148148148148
10 0.2296875 0.5208333333333334 0.06041666666666667 0.3805555555555556
10 0.3731770833333333 0.47500000000000003 0.050520833333333334 0.26851851851851855
11 0.5729166666666666 0.6342592592592593 0.026041666666666668 0.22592592592592595
