3 0.42526041666666664 0.6171296296296297 0.0453125 0.21203703703703705
0 0.228125 0.5101851851851852 0.06041666666666667 0.6314814814814815
0 0.35572916666666665 0.4990740740740741 0.05520833333333333 0.6296296296296297
0 0.540625 0.4949074074074074 0.057291666666666664 0.6157407407407408
0 0.66640625 0.487962962962963 0.05364583333333333 0.625925925925926
1 0.7252604166666666 0.5611111111111111 0.05572916666666666 0.45555555555555555
1 0.165625 0.5925925925925926 0.06041666666666667 0.4703703703703704
10 0.16484375 0.6574074074074074 0.04010416666666666 0.30185185185185187
10 0.23203125 0.5574074074074075 0.05364583333333333 0.3074074074074074
10 0.35572916666666665 0.5476851851851852 0.035416666666666666 0.30648148148148147
10 0.5505208333333333 0.5462962962962963 0.04375 0.3092592592592593
10 0.6653645833333334 0.5449074074074074 0.0484375 0.33796296296296297
11 0.7268229166666667 0.663425925925926 0.0421875 0.24166666666666667
9 0.22630208333333332 0.25925925925925924 0.058854166666666666 0.12407407407407407
5 0.7265625 0.39212962962962966 0.053125 0.12685185185185185
8 0.35651041666666666 0.25 0.05364583333333333 0.12222222222222223
8 0.6661458333333333 0.2388888888888889 0.05625 0.12407407407407407
7 0.5403645833333334 0.2518518518518519 0.058854166666666666 0.12037037037037038
7 0.16536458333333334 0.4199074074074074 0.059895833333333336 0.1287037037037037
