1 0.18880208333333334 0.5361111111111111 0.05677083333333333 0.40925925925925927
1 0.3013020833333333 0.5305555555555556 0.050520833333333334 0.40555555555555556
1 0.4114583333333333 0.525462962962963 0.05 0.4046296296296297
0 0.5153645833333333 0.46620370370370373 0.0421875 0.5027777777777778
0 0.6736979166666667 0.4620370370370371 0.03802083333333333 0.49444444444444446
1 0.6221354166666666 0.5148148148148148 0.0453125 0.39814814814814814
7 0.18697916666666667 0.3893518518518519 0.051041666666666666 0.11944444444444445
5 0.3013020833333333 0.3856481481481482 0.0484375 0.11574074074074074
6 0.41119791666666666 0.3824074074074074 0.04635416666666667 0.11481481481481481
8 0.6231770833333333 0.3763888888888889 0.0453125 0.11018518518518519
10 0.19791666666666666 0.6027777777777777 0.036458333333333336 0.21296296296296297
11 0.41354166666666664 0.6203703703703703 0.036458333333333336 0.21851851851851853
11 0.5177083333333333 0.5685185185185185 0.035416666666666666 0.30185185185185187
11 0.6213541666666667 0.6199074074074075 0.035416666666666666 0.1787037037037037
10 0.6875 0.5055555555555555 0.0125 0.12407407407407407
