3 0.3890625 0.6189814814814815 0.05 0.22685185185185186
0 0.17682291666666666 0.500462962962963 0.0671875 0.6657407407407407
0 0.31744791666666666 0.4962962962962963 0.06302083333333333 0.6685185185185185
0 0.5127604166666666 0.4828703703703704 0.06197916666666667 0.6509259259259259
0 0.6450520833333333 0.47453703703703703 0.05677083333333333 0.6472222222222223
1 0.10989583333333333 0.5912037037037037 0.06666666666666667 0.5027777777777778
1 0.70390625 0.5550925925925926 0.0546875 0.4675925925925926
10 0.10911458333333333 0.6541666666666667 0.04635416666666667 0.3287037037037037
10 0.17994791666666665 0.5486111111111112 0.058854166666666666 0.3287037037037037
10 0.3145833333333333 0.5407407407407407 0.03854166666666667 0.3314814814814815
10 0.5239583333333333 0.5356481481481482 0.03958333333333333 0.31203703703703706
10 0.6447916666666667 0.5365740740740741 0.046875 0.3472222222222222
11 0.7046875 0.6611111111111111 0.05 0.2518518518518519
9 0.175 0.23425925925925928 0.065625 0.12962962962962962
5 0.70390625 0.38472222222222224 0.05260416666666667 0.1212962962962963
8 0.31640625 0.22361111111111112 0.058854166666666666 0.13055555555555556
8 0.64375 0.21666666666666667 0.05520833333333333 0.13148148148148148
7 0.11041666666666666 0.40740740740740744 0.06354166666666666 0.1388888888888889
7 0.5122395833333333 0.22453703703703703 0.057812499999999996 0.1287037037037037
