0 0.103125 0.48055555555555557 0.06666666666666667 0.6796296296296297
1 0.18567708333333333 0.5708333333333333 0.06614583333333333 0.5083333333333333
0 0.32708333333333334 0.47731481481481486 0.06041666666666667 0.6731481481481482
1 0.4627604166666667 0.5569444444444445 0.049479166666666664 0.4675925925925926
0 0.6020833333333333 0.4740740740740741 0.051041666666666666 0.662962962962963
2 0.7322916666666667 0.5541666666666667 0.051041666666666666 0.48055555555555557
3 0.25755208333333335 0.525462962962963 0.058854166666666666 0.18611111111111112
3 0.39765625 0.5157407407407407 0.050520833333333334 0.17592592592592593
3 0.5369791666666667 0.5185185185185185 0.046875 0.17962962962962964
9 0.10625 0.21157407407407408 0.07083333333333333 0.14166666666666666
9 0.18645833333333334 0.3888888888888889 0.06979166666666667 0.13703703703703704
8 0.3263020833333333 0.2101851851851852 0.06197916666666667 0.13518518518518519
8 0.6075520833333333 0.21342592592592594 0.0640625 0.14166666666666666
5 0.46953125 0.3875 0.06510416666666667 0.14351851851851852
7 0.7328125 0.38472222222222224 0.05 0.15092592592592594
10 0.18333333333333332 0.638888888888889 0.046875 0.3388888888888889
11 0.3263020833333333 0.6375000000000001 0.03177083333333333 0.3509259259259259
