4 0.3151041666666667 0.46990740740740744 0.05625 0.1712962962962963
4 0.56640625 0.45833333333333337 0.0453125 0.16296296296296298
0 0.17708333333333334 0.44074074074074077 0.059375 0.6185185185185186
0 0.43723958333333335 0.42453703703703705 0.05572916666666666 0.6157407407407408
1 0.63046875 0.5018518518518519 0.05364583333333333 0.4481481481481482
1 0.7515625 0.49259259259259264 0.052083333333333336 0.43703703703703706
10 0.17864583333333334 0.46620370370370373 0.042708333333333334 0.2712962962962963
10 0.43906249999999997 0.47453703703703703 0.04791666666666666 0.31574074074074077
11 0.76015625 0.6194444444444445 0.024479166666666666 0.18333333333333335
9 0.17942708333333332 0.19305555555555556 0.058854166666666666 0.12314814814814816
5 0.4388020833333333 0.17731481481481481 0.05677083333333333 0.1212962962962963
5 0.6296875 0.33842592592592596 0.057291666666666664 0.1212962962962963
8 0.7528645833333333 0.33055555555555555 0.05364583333333333 0.11111111111111112
