4 0.30755208333333334 0.5120370370370371 0.058854166666666666 0.1685185185185185
4 0.5549479166666667 0.48935185185185187 0.0546875 0.15092592592592594
0 0.171875 0.48055555555555557 0.06041666666666667 0.6055555555555556
0 0.43385416666666665 0.4620370370370371 0.05520833333333333 0.6037037037037037
1 0.62109375 0.5370370370370371 0.05572916666666666 0.4462962962962963
1 0.7421875 0.5300925925925926 0.05520833333333333 0.44351851851851853
10 0.17526041666666667 0.5092592592592593 0.0453125 0.26296296296296295
10 0.4375 0.513425925925926 0.04583333333333333 0.31203703703703706
11 0.753125 0.65 0.027083333333333334 0.1962962962962963
9 0.17213541666666665 0.23935185185185187 0.0609375 0.11944444444444445
5 0.43333333333333335 0.2212962962962963 0.05 0.12592592592592594
5 0.6216145833333333 0.37592592592592594 0.057812499999999996 0.12407407407407407
8 0.7408854166666666 0.36712962962962964 0.057812499999999996 0.1175925925925926
