0 0.24661458333333333 0.4638888888888889 0.043229166666666666 0.49444444444444446
0 0.41510416666666666 0.437962962962963 0.05 0.5277777777777778
0 0.6361979166666667 0.44722222222222224 0.044270833333333336 0.49259259259259264
2 0.7377604166666667 0.49768518518518523 0.04010416666666666 0.38796296296296295
1 0.30390625 0.5125000000000001 0.04739583333333333 0.38981481481481484
1 0.5229166666666667 0.5217592592592593 0.041666666666666664 0.3527777777777778
4 0.3606770833333333 0.47222222222222227 0.043229166666666666 0.14074074074074075
4 0.46979166666666666 0.46435185185185185 0.041666666666666664 0.1287037037037037
4 0.5755208333333334 0.46435185185185185 0.04583333333333333 0.1287037037037037
10 0.3033854166666667 0.5773148148148148 0.024479166666666666 0.23240740740740742
10 0.6388020833333333 0.4726851851851852 0.025520833333333333 0.23240740740740742
11 0.41432291666666665 0.5699074074074074 0.024479166666666666 0.2601851851851852
9 0.30416666666666664 0.37083333333333335 0.04791666666666666 0.10648148148148148
8 0.41510416666666666 0.22824074074074074 0.05 0.10833333333333334
7 0.7377604166666667 0.3527777777777778 0.0421875 0.09444444444444444
