0 0.1328125 0.5333333333333333 0.06979166666666667 0.6814814814814815
0 0.4283854166666667 0.5212962962962964 0.06302083333333333 0.7018518518518518
1 0.6416666666666666 0.5986111111111111 0.058333333333333334 0.49722222222222223
1 0.7815104166666667 0.587037037037037 0.0640625 0.5074074074074074
9 0.1328125 0.25787037037037036 0.06979166666666667 0.14166666666666666
5 0.4302083333333333 0.23935185185185187 0.06458333333333333 0.13796296296296298
5 0.6424479166666667 0.412962962962963 0.059895833333333336 0.13148148148148148
8 0.7807291666666667 0.40601851851851856 0.06354166666666666 0.13611111111111113
10 0.13515625 0.5745370370370371 0.05260416666666667 0.30833333333333335
10 0.4296875 0.5685185185185185 0.05520833333333333 0.34814814814814815
11 0.79453125 0.725925925925926 0.027604166666666666 0.20925925925925926
4 0.2859375 0.5745370370370371 0.05520833333333333 0.18425925925925926
4 0.5684895833333333 0.549074074074074 0.04635416666666667 0.17222222222222222
