0 0.12578125 0.5018518518518519 0.0765625 0.725925925925926
0 0.353125 0.525 0.053125 0.6814814814814815
1 0.5036458333333333 0.5962962962962963 0.06458333333333333 0.5351851851851852
4 0.42942708333333335 0.5393518518518519 0.05677083333333333 0.18796296296296297
4 0.5776041666666667 0.5513888888888889 0.05625 0.19351851851851853
4 0.6510416666666666 0.5388888888888889 0.05416666666666667 0.18888888888888888
3 0.725 0.6263888888888889 0.058333333333333334 0.39166666666666666
10 0.11822916666666666 0.5064814814814815 0.035416666666666666 0.2537037037037037
5 0.12447916666666667 0.21805555555555556 0.071875 0.15462962962962964
8 0.50234375 0.40324074074074073 0.06197916666666667 0.1527777777777778
11 0.35104166666666664 0.6736111111111112 0.0375 0.3768518518518519
