3 0.3703125 0.5907407407407408 0.042708333333333334 0.22222222222222224
0 0.16067708333333333 0.47175925925925927 0.07135416666666666 0.6768518518518519
0 0.2994791666666667 0.46111111111111114 0.065625 0.6703703703703704
0 0.4953125 0.45787037037037037 0.05625 0.6435185185185185
0 0.6216145833333333 0.4467592592592593 0.0546875 0.6398148148148148
1 0.6817708333333333 0.5273148148148148 0.052083333333333336 0.46574074074074073
1 0.08984375 0.5648148148148149 0.06302083333333333 0.5074074074074074
10 0.090625 0.6324074074074074 0.03958333333333333 0.3314814814814815
10 0.16328125 0.5185185185185185 0.06197916666666667 0.3351851851851852
10 0.29635416666666664 0.5152777777777778 0.03958333333333333 0.3287037037037037
10 0.50234375 0.5087962962962963 0.03802083333333333 0.31574074074074077
10 0.621875 0.5111111111111112 0.04375 0.35000000000000003
11 0.6828125 0.6324074074074074 0.042708333333333334 0.2537037037037037
9 0.15807291666666667 0.20740740740740743 0.0671875 0.1388888888888889
5 0.6825520833333333 0.35555555555555557 0.05364583333333333 0.13148148148148148
8 0.2989583333333333 0.19768518518518519 0.059375 0.13425925925925927
8 0.6231770833333333 0.19490740740740742 0.0546875 0.11944444444444445
7 0.09010416666666667 0.3814814814814815 0.065625 0.13148148148148148
7 0.49453125 0.20277777777777778 0.0546875 0.12962962962962962
