4 0.33958333333333335 0.49444444444444446 0.04895833333333333 0.15555555555555556
4 0.575 0.48564814814814816 0.04791666666666666 0.14166666666666666
0 0.21197916666666666 0.46435185185185185 0.05416666666666667 0.5842592592592593
0 0.45729166666666665 0.4537037037037037 0.04895833333333333 0.5814814814814815
1 0.6361979166666667 0.5291666666666667 0.050520833333333334 0.4305555555555556
1 0.7513020833333334 0.5231481481481481 0.04739583333333333 0.4185185185185185
10 0.21510416666666665 0.4902777777777778 0.03958333333333333 0.2564814814814815
10 0.45859374999999997 0.49768518518518523 0.04114583333333333 0.2953703703703704
11 0.76328125 0.6398148148148148 0.024479166666666666 0.17962962962962964
9 0.21223958333333334 0.23657407407407408 0.0546875 0.11388888888888889
5 0.45859374999999997 0.22361111111111112 0.0515625 0.12685185185185185
5 0.6388020833333333 0.37453703703703706 0.05364583333333333 0.1175925925925926
8 0.75234375 0.3699074074074074 0.049479166666666664 0.11388888888888889
