3 0.48802083333333335 0.5939814814814816 0.05 0.21574074074074076
0 0.29296875 0.4800925925925926 0.06302083333333333 0.6361111111111112
0 0.41953124999999997 0.47222222222222227 0.058854166666666666 0.6425925925925926
0 0.6078125 0.46481481481481485 0.06041666666666667 0.6296296296296297
0 0.7356770833333334 0.46111111111111114 0.057812499999999996 0.6351851851851852
1 0.796875 0.5416666666666667 0.05625 0.4759259259259259
1 0.23124999999999998 0.5620370370370371 0.057291666666666664 0.47222222222222227
10 0.2296875 0.6185185185185186 0.040625 0.3074074074074074
10 0.29635416666666664 0.5240740740740741 0.053125 0.3148148148148148
10 0.4166666666666667 0.5171296296296296 0.034375 0.3194444444444445
10 0.6143229166666666 0.5125000000000001 0.0421875 0.30833333333333335
10 0.7354166666666666 0.5208333333333334 0.04895833333333333 0.3453703703703704
11 0.7979166666666666 0.6425925925925926 0.042708333333333334 0.2537037037037037
9 0.2921875 0.22685185185185186 0.059375 0.12407407407407407
5 0.7973958333333333 0.3685185185185185 0.057291666666666664 0.12407407407407407
8 0.4197916666666667 0.2125 0.05625 0.1287037037037037
8 0.73671875 0.2050925925925926 0.0546875 0.11944444444444445
7 0.6080729166666666 0.2162037037037037 0.057812499999999996 0.12314814814814816
7 0.22994791666666667 0.3893518518518519 0.059895833333333336 0.1212962962962963
