10 0.14114583333333333 0.46296296296296297 0.042708333333333334 0.30185185185185187
10 0.4536458333333333 0.4620370370370371 0.051041666666666666 0.2833333333333333
0 0.14140625 0.4314814814814815 0.07552083333333333 0.7185185185185186
0 0.4458333333333333 0.42083333333333334 0.06458333333333333 0.7027777777777778
1 0.66015625 0.5037037037037038 0.06510416666666667 0.512962962962963
1 0.7953125 0.4953703703703704 0.059375 0.4851851851851852
4 0.29765625 0.475462962962963 0.0671875 0.20277777777777778
4 0.584375 0.4620370370370371 0.04791666666666666 0.17962962962962964
9 0.14140625 0.1513888888888889 0.07239583333333333 0.1527777777777778
5 0.44557291666666665 0.14583333333333334 0.0609375 0.1564814814814815
5 0.6614583333333334 0.325 0.06354166666666666 0.13333333333333333
8 0.7955729166666666 0.32222222222222224 0.0546875 0.1277777777777778
11 0.8049479166666667 0.6375000000000001 0.0234375 0.2138888888888889
