10 0.20911458333333333 0.48888888888888893 0.0546875 0.22962962962962963
10 0.4552083333333333 0.500462962962963 0.03958333333333333 0.23611111111111113
11 0.6763020833333333 0.6074074074074074 0.0328125 0.2611111111111111
11 0.14817708333333332 0.5907407407407408 0.03697916666666667 0.33333333333333337
0 0.13463541666666667 0.45972222222222225 0.058854166666666666 0.6046296296296296
0 0.19895833333333332 0.4601851851851852 0.06145833333333333 0.6037037037037037
0 0.32135416666666666 0.45601851851851855 0.057291666666666664 0.6064814814814815
0 0.44088541666666664 0.4486111111111111 0.0546875 0.5916666666666667
1 0.6705729166666666 0.5152777777777778 0.050520833333333334 0.45092592592592595
9 0.13255208333333332 0.21944444444444444 0.057812499999999996 0.12962962962962962
9 0.19791666666666666 0.21666666666666667 0.06041666666666667 0.11666666666666667
9 0.6716145833333333 0.3597222222222222 0.0484375 0.10648148148148148
8 0.3229166666666667 0.21296296296296297 0.05520833333333333 0.11481481481481481
7 0.43723958333333335 0.2175925925925926 0.0484375 0.11851851851851852
