3 0.47213541666666664 0.6185185185185186 0.04114583333333333 0.20925925925925926
0 0.28854166666666664 0.5092592592592593 0.05520833333333333 0.6018518518518519
0 0.41015625 0.5037037037037038 0.05572916666666666 0.6055555555555556
0 0.5859375 0.49583333333333335 0.05520833333333333 0.6064814814814815
0 0.7122395833333334 0.4861111111111111 0.0515625 0.6018518518518519
1 0.23151041666666666 0.587037037037037 0.05364583333333333 0.4537037037037037
1 0.7713541666666667 0.5648148148148149 0.052083333333333336 0.4481481481481482
10 0.22916666666666666 0.6412037037037037 0.036458333333333336 0.2898148148148148
10 0.29140625 0.5486111111111112 0.0515625 0.2898148148148148
10 0.40625 0.5439814814814815 0.035416666666666666 0.2898148148148148
10 0.5919270833333333 0.5425925925925926 0.04114583333333333 0.28703703703703703
10 0.7109375 0.55 0.04375 0.3351851851851852
11 0.77109375 0.6671296296296296 0.044270833333333336 0.24722222222222223
9 0.28880208333333335 0.26712962962962966 0.0546875 0.1175925925925926
5 0.7739583333333333 0.4027777777777778 0.05416666666666667 0.11481481481481481
8 0.4114583333333333 0.25833333333333336 0.053125 0.10740740740740741
8 0.7127604166666667 0.24675925925925926 0.05572916666666666 0.11388888888888889
7 0.23020833333333332 0.4217592592592593 0.05625 0.11388888888888889
7 0.58671875 0.2574074074074074 0.05572916666666666 0.12592592592592594
