0 0.17942708333333332 0.45046296296296295 0.06302083333333333 0.6046296296296296
0 0.36614583333333334 0.4430555555555556 0.053125 0.6083333333333334
0 0.6203125 0.43194444444444446 0.06041666666666667 0.612037037037037
1 0.24348958333333334 0.5291666666666667 0.057812499999999996 0.44537037037037036
1 0.4903645833333333 0.5185185185185185 0.0546875 0.4444444444444445
2 0.7450520833333333 0.5074074074074074 0.05260416666666667 0.46481481481481485
9 0.1796875 0.2162037037037037 0.06666666666666667 0.13055555555555556
9 0.24609375 0.37222222222222223 0.0609375 0.13518518518518519
8 0.365625 0.20231481481481484 0.057291666666666664 0.13425925925925927
8 0.62109375 0.18796296296296297 0.05677083333333333 0.13333333333333333
5 0.48984374999999997 0.3574074074074074 0.058854166666666666 0.1277777777777778
7 0.7453125 0.33564814814814814 0.05520833333333333 0.13055555555555556
3 0.3091145833333333 0.487962962962963 0.049479166666666664 0.15925925925925927
3 0.43359375 0.475462962962963 0.050520833333333334 0.1638888888888889
3 0.5588541666666667 0.47314814814814815 0.052083333333333336 0.15925925925925927
10 0.24453125 0.5953703703703704 0.04114583333333333 0.27592592592592596
11 0.3716145833333333 0.5912037037037037 0.04010416666666666 0.3175925925925926
