7 0.15260416666666665 0.4300925925925926 0.06979166666666667 0.13796296296296298
8 0.21875 0.25092592592592594 0.06770833333333333 0.13148148148148148
9 0.3536458333333333 0.4277777777777778 0.06354166666666666 0.13518518518518519
9 0.7640625 0.25462962962962965 0.06875 0.1277777777777778
5 0.4888020833333333 0.4300925925925926 0.0671875 0.13425925925925927
5 0.6252604166666667 0.41250000000000003 0.06197916666666667 0.13611111111111113
4 0.2828125 0.5578703703703703 0.06041666666666667 0.17314814814814816
4 0.41796875 0.5481481481481482 0.034895833333333334 0.15925925925925927
4 0.5552083333333333 0.5421296296296296 0.040625 0.14722222222222223
11 0.1421875 0.7398148148148148 0.03229166666666666 0.2111111111111111
11 0.21145833333333333 0.6805555555555556 0.030208333333333334 0.32407407407407407
11 0.7619791666666667 0.6689814814814815 0.04791666666666666 0.36203703703703705
1 0.1515625 0.6032407407407407 0.071875 0.4861111111111111
1 0.3481770833333333 0.6018518518518519 0.05572916666666666 0.47962962962962963
1 0.4828125 0.6013888888888889 0.053125 0.4861111111111111
1 0.6239583333333333 0.5939814814814816 0.059375 0.5046296296296297
0 0.7622395833333333 0.512962962962963 0.06197916666666667 0.6722222222222223
10 0.11276041666666667 0.7319444444444445 0.0359375 0.20833333333333334
10 0.35442708333333334 0.6819444444444445 0.04010416666666666 0.3027777777777778
10 0.6255208333333333 0.6847222222222222 0.035416666666666666 0.3027777777777778
0 0.21901041666666665 0.5175925925925926 0.06822916666666666 0.6555555555555556
