4 0.29973958333333334 0.5537037037037037 0.06302083333333333 0.18333333333333335
4 0.5861979166666667 0.5342592592592593 0.05260416666666667 0.1685185185185185
0 0.14869791666666665 0.5125000000000001 0.06614583333333333 0.6953703703703704
0 0.4434895833333333 0.500925925925926 0.059895833333333336 0.7018518518518518
1 0.6588541666666666 0.5851851851851853 0.057291666666666664 0.5092592592592593
1 0.7966145833333333 0.5828703703703704 0.058854166666666666 0.5101851851851852
10 0.14921875 0.5430555555555556 0.0453125 0.30648148148148147
10 0.44635416666666666 0.55 0.05416666666666667 0.35185185185185186
11 0.81015625 0.7245370370370371 0.0296875 0.22314814814814815
9 0.14791666666666667 0.23333333333333334 0.06458333333333333 0.13148148148148148
5 0.44505208333333335 0.22083333333333335 0.059895833333333336 0.13611111111111113
5 0.659375 0.3976851851851852 0.059375 0.13425925925925927
8 0.7997395833333333 0.39722222222222225 0.06302083333333333 0.1388888888888889
