4 0.2934895833333333 0.5046296296296297 0.05364583333333333 0.1425925925925926
4 0.5182291666666666 0.49074074074074076 0.051041666666666666 0.13518518518518519
0 0.17395833333333333 0.47500000000000003 0.052083333333333336 0.5462962962962963
0 0.40625 0.46064814814814814 0.04791666666666666 0.5361111111111111
1 0.5747395833333333 0.5291666666666667 0.050520833333333334 0.38796296296296295
1 0.6794270833333333 0.5268518518518519 0.049479166666666664 0.38703703703703707
10 0.175 0.49953703703703706 0.040625 0.24351851851851852
10 0.4083333333333333 0.5050925925925926 0.042708333333333334 0.2712962962962963
11 0.6877604166666667 0.6305555555555555 0.019270833333333334 0.16666666666666669
9 0.17317708333333334 0.25787037037037036 0.050520833333333334 0.10648148148148148
5 0.4067708333333333 0.250462962962963 0.04895833333333333 0.11203703703703705
5 0.5744791666666667 0.38703703703703707 0.05 0.10740740740740741
8 0.6799479166666667 0.3824074074074074 0.0484375 0.10185185185185186
