0 0.14791666666666667 0.46435185185185185 0.06666666666666667 0.675
0 0.28854166666666664 0.4740740740740741 0.06354166666666666 0.6870370370370371
0 0.42942708333333335 0.4814814814814815 0.059895833333333336 0.6851851851851852
0 0.5755208333333334 0.5092592592592593 0.04895833333333333 0.6537037037037037
0 0.7263020833333333 0.4916666666666667 0.06197916666666667 0.7462962962962963
10 0.13541666666666666 0.46296296296296297 0.029166666666666667 0.23148148148148148
10 0.43515624999999997 0.5472222222222223 0.0453125 0.29814814814814816
10 0.7192708333333333 0.5319444444444444 0.04375 0.31203703703703706
11 0.5700520833333333 0.6523148148148148 0.030729166666666665 0.35462962962962963
5 0.14869791666666665 0.19814814814814816 0.06822916666666666 0.14814814814814814
6 0.2877604166666667 0.20601851851851852 0.06302083333333333 0.14722222222222223
7 0.43046875 0.21064814814814817 0.0609375 0.14537037037037037
8 0.7265625 0.19444444444444445 0.06458333333333333 0.1537037037037037
