0 0.13802083333333334 0.47314814814814815 0.08229166666666667 0.7000000000000001
0 0.2875 0.47222222222222227 0.07083333333333333 0.7166666666666667
0 0.4375 0.45416666666666666 0.06666666666666667 0.7046296296296296
1 0.57734375 0.5486111111111112 0.0671875 0.5083333333333333
1 0.6520833333333333 0.5462962962962963 0.06041666666666667 0.5037037037037038
1 0.7869791666666667 0.5351851851851852 0.05625 0.5074074074074074
9 0.13828125 0.20277777777777778 0.07135416666666666 0.14444444444444446
9 0.5768229166666666 0.3699074074074074 0.058854166666666666 0.14166666666666666
8 0.6497395833333334 0.36435185185185187 0.0640625 0.14166666666666666
8 0.2838541666666667 0.1865740740740741 0.075 0.13611111111111113
6 0.43515624999999997 0.18055555555555555 0.06302083333333333 0.14444444444444446
5 0.7903645833333334 0.3611111111111111 0.06927083333333334 0.1537037037037037
10 0.1375 0.5060185185185185 0.04791666666666666 0.31203703703703706
10 0.28984375 0.549074074074074 0.049479166666666664 0.3962962962962963
10 0.4440104166666667 0.5046296296296297 0.050520833333333334 0.2796296296296296
11 0.6526041666666667 0.6791666666666667 0.03229166666666666 0.22870370370370371
