1 0.15286458333333333 0.5449074074074074 0.05572916666666666 0.41944444444444445
1 0.2669270833333333 0.5375 0.050520833333333334 0.41203703703703703
1 0.378125 0.5314814814814816 0.05 0.40740740740740744
0 0.48463541666666665 0.47314814814814815 0.04739583333333333 0.5074074074074074
0 0.6453125 0.4625 0.040625 0.4990740740740741
1 0.5893229166666667 0.5185185185185185 0.04635416666666667 0.39814814814814814
10 0.16223958333333333 0.612037037037037 0.03697916666666667 0.22592592592592595
10 0.6559895833333333 0.49768518518518523 0.015104166666666667 0.1398148148148148
11 0.3815104166666667 0.625925925925926 0.0390625 0.22222222222222224
11 0.4869791666666667 0.5731481481481482 0.040625 0.3092592592592593
11 0.5911458333333334 0.6240740740740741 0.036458333333333336 0.18703703703703706
7 0.15208333333333332 0.3962962962962963 0.052083333333333336 0.11851851851851852
5 0.2669270833333333 0.38842592592592595 0.050520833333333334 0.11388888888888889
6 0.3755208333333333 0.38287037037037036 0.05 0.11388888888888889
8 0.5901041666666667 0.37453703703703706 0.04791666666666666 0.10648148148148148
