4 0.26015625 0.549074074074074 0.057812499999999996 0.18703703703703706
4 0.5411458333333333 0.5296296296296297 0.057291666666666664 0.17777777777777778
0 0.10286458333333333 0.5125000000000001 0.06927083333333334 0.6953703703703704
0 0.4010416666666667 0.4953703703703704 0.06041666666666667 0.6851851851851852
1 0.6177083333333333 0.575925925925926 0.06041666666666667 0.5
1 0.75 0.5722222222222223 0.06458333333333333 0.49259259259259264
10 0.10833333333333334 0.5481481481481482 0.051041666666666666 0.3074074074074074
10 0.40234375 0.5476851851851852 0.0546875 0.35462962962962963
11 0.7627604166666666 0.7069444444444445 0.027604166666666666 0.21203703703703705
9 0.10494791666666667 0.23981481481481481 0.06614583333333333 0.1388888888888889
5 0.40078125 0.2212962962962963 0.057812499999999996 0.13703703703703704
5 0.6158854166666666 0.39583333333333337 0.058854166666666666 0.13425925925925927
8 0.7510416666666666 0.38796296296296295 0.06145833333333333 0.12407407407407407
