0 0.13046875 0.4930555555555556 0.04739583333333333 0.5472222222222223
1 0.19296875 0.5472222222222223 0.0546875 0.4222222222222222
0 0.31328125 0.47175925925925927 0.049479166666666664 0.5731481481481482
1 0.43307291666666664 0.5597222222222222 0.043229166666666666 0.3787037037037037
0 0.55 0.48379629629629634 0.04479166666666667 0.5231481481481481
2 0.659375 0.5347222222222222 0.046875 0.41203703703703703
4 0.2565104166666667 0.5106481481481482 0.0484375 0.1527777777777778
4 0.3734375 0.49768518518518523 0.04583333333333333 0.1398148148148148
4 0.4908854166666667 0.4967592592592593 0.0421875 0.14166666666666666
10 0.19088541666666667 0.611574074074074 0.027604166666666666 0.24722222222222223
10 0.5518229166666666 0.5111111111111112 0.03177083333333333 0.2574074074074074
11 0.31171875 0.6060185185185185 0.0265625 0.2935185185185185
7 0.6591145833333333 0.3800925925925926 0.04635416666666667 0.10648148148148148
8 0.3145833333333333 0.2439814814814815 0.052083333333333336 0.11944444444444445
9 0.19244791666666666 0.39490740740740743 0.05677083333333333 0.11944444444444445
