0 0.21744791666666666 0.48750000000000004 0.06510416666666667 0.675
0 0.35494791666666664 0.4814814814814815 0.0609375 0.6759259259259259
0 0.49374999999999997 0.47453703703703703 0.06145833333333333 0.6768518518518519
0 0.6403645833333333 0.4912037037037037 0.0515625 0.6435185185185185
0 0.7833333333333333 0.45092592592592595 0.06354166666666666 0.7055555555555556
10 0.20703125 0.5046296296296297 0.030729166666666665 0.25925925925925924
10 0.5033854166666667 0.5421296296296296 0.0453125 0.30462962962962964
10 0.78671875 0.4930555555555556 0.0453125 0.30462962962962964
5 0.21692708333333333 0.22175925925925927 0.06510416666666667 0.14166666666666666
6 0.3546875 0.21435185185185185 0.06041666666666667 0.14166666666666666
7 0.4927083333333333 0.20787037037037037 0.06041666666666667 0.14907407407407408
8 0.7846354166666667 0.1685185185185185 0.06614583333333333 0.14814814814814814
11 0.64453125 0.6277777777777778 0.03177083333333333 0.3592592592592593
