7 0.17213541666666665 0.4050925925925926 0.07552083333333333 0.14722222222222223
9 0.459375 0.4041666666666667 0.06145833333333333 0.14166666666666666
8 0.5903645833333333 0.22083333333333335 0.0640625 0.13611111111111113
8 0.7244791666666667 0.3944444444444445 0.06770833333333333 0.14814814814814814
6 0.32421875 0.40324074074074073 0.06197916666666667 0.13055555555555556
1 0.1796875 0.5902777777777778 0.08125 0.5212962962962964
1 0.46015625 0.5884259259259259 0.05677083333333333 0.5046296296296297
1 0.7234375 0.5787037037037037 0.06354166666666666 0.5074074074074074
0 0.5921875 0.4916666666666667 0.07604166666666666 0.6833333333333333
2 0.3265625 0.5875 0.065625 0.5175925925925926
11 0.18802083333333333 0.8208333333333334 0.04375 0.06944444444444445
11 0.590625 0.6365740740740741 0.04895833333333333 0.3842592592592593
11 0.7184895833333333 0.7087962962962964 0.0390625 0.23240740740740742
