1 0.13385416666666666 0.562962962962963 0.06666666666666667 0.48703703703703705
1 0.26640625 0.5606481481481481 0.0609375 0.4861111111111111
1 0.3971354166666667 0.5537037037037037 0.058854166666666666 0.4851851851851852
0 0.5208333333333334 0.4865740740740741 0.04895833333333333 0.5990740740740741
1 0.6458333333333334 0.5453703703703704 0.05520833333333333 0.46296296296296297
0 0.70859375 0.4814814814814815 0.049479166666666664 0.587037037037037
7 0.13333333333333333 0.3893518518518519 0.065625 0.1398148148148148
5 0.26848958333333334 0.38657407407407407 0.0609375 0.13425925925925927
6 0.39765625 0.3837962962962963 0.057812499999999996 0.13611111111111113
8 0.646875 0.3814814814814815 0.05520833333333333 0.1277777777777778
10 0.14348958333333334 0.6416666666666667 0.0453125 0.26666666666666666
11 0.39921875 0.6625 0.043229166666666666 0.25277777777777777
11 0.5231770833333333 0.6050925925925926 0.0421875 0.35833333333333334
11 0.6450520833333333 0.6685185185185185 0.0421875 0.21296296296296297
10 0.721875 0.5430555555555556 0.016666666666666666 0.10462962962962963
