4 0.33177083333333335 0.5199074074074074 0.04791666666666666 0.13425925925925927
4 0.5354166666666667 0.5175925925925926 0.04583333333333333 0.12407407407407407
0 0.22786458333333334 0.4949074074074074 0.0453125 0.4953703703703704
0 0.43671875 0.49074074074074076 0.0453125 0.4962962962962963
1 0.5895833333333333 0.562962962962963 0.04791666666666666 0.3703703703703704
1 0.6880208333333333 0.5555555555555556 0.04583333333333333 0.35555555555555557
10 0.22760416666666666 0.5162037037037037 0.036458333333333336 0.2138888888888889
10 0.4375 0.5305555555555556 0.03958333333333333 0.24444444444444446
11 0.6921875 0.6555555555555556 0.019791666666666666 0.15185185185185185
9 0.22838541666666667 0.2976851851851852 0.043229166666666666 0.09907407407407408
5 0.4380208333333333 0.2953703703703704 0.040625 0.1
5 0.5893229166666667 0.42685185185185187 0.0453125 0.09444444444444444
8 0.6895833333333333 0.42685185185185187 0.04583333333333333 0.09444444444444444
