0 0.12265625 0.42638888888888893 0.07135416666666666 0.6601851851851852
0 0.26484375 0.4064814814814815 0.07552083333333333 0.6814814814814815
0 0.4109375 0.4013888888888889 0.065625 0.6638888888888889
1 0.5434895833333333 0.48888888888888893 0.057812499999999996 0.47222222222222227
1 0.6135416666666667 0.48703703703703705 0.04895833333333333 0.4777777777777778
1 0.7442708333333333 0.4800925925925926 0.051041666666666666 0.47500000000000003
9 0.12291666666666666 0.1564814814814815 0.06875 0.1574074074074074
9 0.546875 0.31851851851851853 0.06666666666666667 0.13148148148148148
8 0.26588541666666665 0.1425925925925926 0.0703125 0.1388888888888889
8 0.615625 0.31712962962962965 0.04583333333333333 0.13425925925925927
6 0.4106770833333333 0.15046296296296297 0.06822916666666666 0.16018518518518518
5 0.7458333333333333 0.3055555555555556 0.053125 0.12407407407407407
11 0.6203125 0.6111111111111112 0.03333333333333333 0.2240740740740741
10 0.12213541666666666 0.4481481481481482 0.03697916666666667 0.2833333333333333
10 0.2716145833333333 0.4930555555555556 0.05677083333333333 0.3824074074074074
10 0.4140625 0.4449074074074074 0.04583333333333333 0.2972222222222222
