1 0.209375 0.6185185185185186 0.06666666666666667 0.49259259259259264
1 0.33958333333333335 0.6129629629629629 0.06354166666666666 0.5
1 0.4708333333333333 0.6060185185185185 0.059375 0.5064814814814815
0 0.6033854166666667 0.5361111111111111 0.058854166666666666 0.638888888888889
1 0.7388020833333333 0.5962962962962963 0.06197916666666667 0.5055555555555555
0 0.8109375 0.5236111111111111 0.04895833333333333 0.6398148148148148
10 0.21875 0.6967592592592593 0.042708333333333334 0.2657407407407408
10 0.828125 0.5699074074074074 0.014583333333333334 0.16203703703703703
11 0.4747395833333333 0.7212962962962963 0.04739583333333333 0.27592592592592596
11 0.6057291666666667 0.6592592592592593 0.052083333333333336 0.3888888888888889
11 0.7411458333333333 0.7263888888888889 0.04895833333333333 0.23796296296296296
7 0.20598958333333334 0.44074074074074077 0.06197916666666667 0.13518518518518519
5 0.33828125 0.4328703703703704 0.058854166666666666 0.13611111111111113
6 0.47031249999999997 0.42453703703703705 0.058333333333333334 0.1398148148148148
8 0.73984375 0.41111111111111115 0.0609375 0.14074074074074075
