1 0.12838541666666667 0.6148148148148148 0.06822916666666666 0.4703703703703704
1 0.38567708333333334 0.6060185185185185 0.0546875 0.4675925925925926
1 0.6244791666666667 0.5939814814814816 0.05520833333333333 0.45462962962962966
2 0.26458333333333334 0.6148148148148148 0.051041666666666666 0.46481481481481485
0 0.5057291666666667 0.5185185185185185 0.06145833333333333 0.6185185185185186
7 0.12682291666666667 0.44722222222222224 0.06302083333333333 0.13148148148148148
7 0.26458333333333334 0.4467592592592593 0.053125 0.13425925925925927
8 0.50390625 0.26990740740740743 0.0609375 0.13055555555555556
8 0.6252604166666667 0.43333333333333335 0.058854166666666666 0.13148148148148148
9 0.384375 0.4351851851851852 0.057291666666666664 0.13148148148148148
11 0.13854166666666667 0.8143518518518519 0.051041666666666666 0.06944444444444445
11 0.5078125 0.6453703703703704 0.040625 0.3611111111111111
11 0.625 0.7097222222222223 0.042708333333333334 0.2212962962962963
