3 0.4466145833333333 0.6828703703703703 0.0390625 0.20833333333333334
1 0.19453125 0.6546296296296297 0.06197916666666667 0.46851851851851856
1 0.7486979166666666 0.6245370370370371 0.0484375 0.4564814814814815
0 0.25703125 0.5722222222222223 0.059895833333333336 0.6185185185185186
0 0.37994791666666666 0.563425925925926 0.058854166666666666 0.6212962962962963
0 0.56484375 0.5611111111111111 0.05677083333333333 0.6111111111111112
0 0.6856770833333333 0.5518518518518519 0.05364583333333333 0.6166666666666667
10 0.19010416666666666 0.7083333333333334 0.03854166666666667 0.2962962962962963
10 0.2578125 0.6134259259259259 0.053125 0.3027777777777778
10 0.3776041666666667 0.6087962962962963 0.03854166666666667 0.3027777777777778
10 0.57109375 0.6013888888888889 0.043229166666666666 0.2972222222222222
10 0.6888020833333334 0.6148148148148148 0.043229166666666666 0.33333333333333337
11 0.74921875 0.7305555555555556 0.044270833333333336 0.2425925925925926
5 0.75 0.4625 0.051041666666666666 0.12685185185185185
8 0.68828125 0.3041666666666667 0.050520833333333334 0.11203703703703705
8 0.38177083333333334 0.31574074074074077 0.05520833333333333 0.12222222222222223
7 0.19505208333333332 0.4847222222222222 0.058854166666666666 0.1212962962962963
7 0.5640625 0.3148148148148148 0.05520833333333333 0.12037037037037038
9 0.2552083333333333 0.3212962962962963 0.05625 0.12222222222222223
