3 0.4375 0.6013888888888889 0.0375 0.18981481481481483
0 0.25885416666666666 0.5 0.059375 0.575925925925926
0 0.37135416666666665 0.4916666666666667 0.04791666666666666 0.5703703703703704
0 0.5416666666666666 0.48055555555555557 0.05625 0.562962962962963
0 0.65546875 0.4675925925925926 0.0484375 0.5648148148148149
1 0.20286458333333332 0.5736111111111112 0.05364583333333333 0.42685185185185187
1 0.709375 0.537962962962963 0.05 0.40925925925925927
10 0.20052083333333334 0.6305555555555555 0.03125 0.2814814814814815
10 0.26171875 0.5375 0.050520833333333334 0.28240740740740744
10 0.37109375 0.5328703703703704 0.0328125 0.28240740740740744
10 0.5484375 0.524537037037037 0.03958333333333333 0.2712962962962963
10 0.6565104166666667 0.5282407407407408 0.04010416666666666 0.30648148148148147
11 0.71171875 0.6337962962962963 0.0421875 0.2212962962962963
9 0.25807291666666665 0.27314814814814814 0.050520833333333334 0.11481481481481481
5 0.7096354166666666 0.38981481481481484 0.049479166666666664 0.10740740740740741
8 0.37213541666666666 0.2569444444444445 0.049479166666666664 0.11018518518518519
8 0.65625 0.24629629629629632 0.046875 0.10925925925925926
7 0.2015625 0.4185185185185185 0.051041666666666666 0.11111111111111112
7 0.5403645833333334 0.26342592592592595 0.05364583333333333 0.11388888888888889
