0 0.09739583333333333 0.5157407407407407 0.06770833333333333 0.7018518518518518
0 0.39791666666666664 0.5060185185185185 0.06145833333333333 0.712037037037037
1 0.6177083333333333 0.5865740740740741 0.06354166666666666 0.5157407407407407
1 0.7567708333333333 0.5828703703703704 0.05416666666666667 0.5101851851851852
9 0.1 0.24212962962962964 0.06979166666666667 0.1398148148148148
5 0.3932291666666667 0.2199074074074074 0.06145833333333333 0.14722222222222223
5 0.61640625 0.3990740740740741 0.06302083333333333 0.15
8 0.7567708333333333 0.39814814814814814 0.059375 0.1388888888888889
4 0.2518229166666667 0.5564814814814815 0.05260416666666667 0.1925925925925926
4 0.5416666666666666 0.5393518518518519 0.058333333333333334 0.18796296296296297
10 0.1 0.5444444444444445 0.04791666666666666 0.3092592592592593
10 0.40546875 0.5398148148148149 0.04635416666666667 0.2851851851851852
11 0.7635416666666667 0.7203703703703704 0.028125 0.24444444444444446
