3 0.453125 0.5444444444444445 0.03854166666666667 0.17962962962962964
0 0.2911458333333333 0.4462962962962963 0.052083333333333336 0.5333333333333333
0 0.39817708333333335 0.4412037037037037 0.049479166666666664 0.5287037037037037
0 0.55390625 0.4361111111111111 0.0484375 0.5259259259259259
0 0.6609375 0.4328703703703704 0.04791666666666666 0.5268518518518519
1 0.23854166666666665 0.5162037037037037 0.04791666666666666 0.3990740740740741
1 0.7127604166666667 0.49583333333333335 0.0453125 0.38981481481481484
10 0.2375 0.5703703703703704 0.03125 0.27037037037037037
10 0.29401041666666666 0.487962962962963 0.044270833333333336 0.2611111111111111
10 0.39296875 0.4814814814814815 0.030729166666666665 0.26296296296296295
10 0.55859375 0.475462962962963 0.03802083333333333 0.2601851851851852
10 0.6588541666666666 0.4828703703703704 0.03958333333333333 0.28425925925925927
11 0.7130208333333333 0.5865740740740741 0.036458333333333336 0.20833333333333334
9 0.29010416666666666 0.23703703703703705 0.04895833333333333 0.10925925925925926
5 0.7122395833333334 0.35555555555555557 0.044270833333333336 0.09814814814814815
8 0.39765625 0.22453703703703703 0.0453125 0.09907407407407408
8 0.6606770833333333 0.2189814814814815 0.0453125 0.09722222222222222
7 0.5510416666666667 0.22916666666666669 0.04583333333333333 0.10462962962962963
7 0.23723958333333334 0.37222222222222223 0.0484375 0.10185185185185186
