4 0.2713541666666667 0.4671296296296297 0.04479166666666667 0.14907407407407408
4 0.3971354166666667 0.4569444444444445 0.049479166666666664 0.1398148148148148
4 0.5197916666666667 0.45 0.036458333333333336 0.13333333333333333
11 0.14713541666666666 0.6398148148148148 0.030729166666666665 0.1925925925925926
11 0.21015625 0.5796296296296296 0.04010416666666666 0.30185185185185187
11 0.6997395833333333 0.5509259259259259 0.04114583333333333 0.3092592592592593
10 0.12057291666666667 0.6296296296296297 0.0421875 0.1814814814814815
10 0.3359375 0.5736111111111112 0.034375 0.2657407407407408
10 0.5799479166666667 0.5583333333333333 0.0328125 0.24814814814814815
7 0.14739583333333334 0.3560185185185185 0.065625 0.11574074074074074
8 0.2046875 0.1851851851851852 0.05520833333333333 0.12407407407407407
9 0.3346354166666667 0.34351851851851856 0.06927083333333334 0.13148148148148148
9 0.70078125 0.18425925925925926 0.06510416666666667 0.12592592592592594
5 0.45546875 0.3425925925925926 0.0546875 0.12222222222222223
5 0.5765625 0.3300925925925926 0.058333333333333334 0.125
1 0.14296875 0.5203703703703704 0.0640625 0.4425925925925926
1 0.33515625 0.500925925925926 0.0640625 0.43703703703703706
1 0.4583333333333333 0.5064814814814815 0.06041666666666667 0.44074074074074077
1 0.5731770833333333 0.4935185185185185 0.05677083333333333 0.43703703703703706
0 0.20833333333333334 0.42824074074074076 0.065625 0.5990740740740741
0 0.6955729166666667 0.41944444444444445 0.058854166666666666 0.5851851851851853
