7 0.4549479166666667 0.5513888888888889 0.04114583333333333 0.1824074074074074
0 0.29270833333333335 0.4550925925925926 0.046875 0.5324074074074074
0 0.3971354166666667 0.44907407407407407 0.04635416666666667 0.5277777777777778
0 0.5513020833333333 0.4449074074074074 0.049479166666666664 0.5268518518518519
0 0.6580729166666667 0.4356481481481482 0.043229166666666666 0.5268518518518519
1 0.71171875 0.5046296296296297 0.0453125 0.38703703703703707
1 0.2421875 0.5236111111111111 0.04895833333333333 0.3990740740740741
10 0.23802083333333332 0.5768518518518518 0.035416666666666666 0.26666666666666666
10 0.29453125 0.49074074074074076 0.0453125 0.26481481481481484
10 0.3958333333333333 0.48703703703703705 0.030208333333333334 0.2537037037037037
10 0.5583333333333333 0.48194444444444445 0.03958333333333333 0.25833333333333336
10 0.6591145833333333 0.4949074074074074 0.03697916666666667 0.2898148148148148
11 0.709375 0.5935185185185186 0.03854166666666667 0.21481481481481482
9 0.29140625 0.24351851851851852 0.05260416666666667 0.10740740740740741
5 0.71171875 0.3611111111111111 0.0421875 0.10555555555555556
8 0.3984375 0.23703703703703705 0.04375 0.10370370370370371
8 0.6609375 0.22592592592592595 0.042708333333333334 0.10185185185185186
7 0.24010416666666667 0.3819444444444445 0.04583333333333333 0.10277777777777779
7 0.5515625 0.23842592592592593 0.046875 0.10648148148148148
