4 0.31796875 0.5365740740740741 0.050520833333333334 0.16574074074074074
4 0.5791666666666666 0.5208333333333334 0.05416666666666667 0.16018518518518518
0 0.18307291666666667 0.49722222222222223 0.06302083333333333 0.625925925925926
0 0.4510416666666667 0.4902777777777778 0.05625 0.6361111111111112
1 0.6479166666666667 0.5717592592592593 0.057291666666666664 0.4675925925925926
1 0.7765625 0.5745370370370371 0.06041666666666667 0.48240740740740745
10 0.1859375 0.5268518518518519 0.040625 0.27592592592592596
10 0.45234375 0.537962962962963 0.0484375 0.31666666666666665
11 0.7859375 0.6986111111111112 0.026041666666666668 0.20462962962962963
9 0.18307291666666667 0.24675925925925926 0.059895833333333336 0.125
5 0.45234375 0.23611111111111113 0.05677083333333333 0.13148148148148148
5 0.6458333333333334 0.4013888888888889 0.05625 0.1212962962962963
8 0.7770833333333333 0.3976851851851852 0.053125 0.1287037037037037
