0 0.17864583333333334 0.4439814814814815 0.052083333333333336 0.5342592592592593
0 0.34479166666666666 0.4365740740740741 0.05 0.5435185185185185
0 0.5674479166666666 0.42962962962962964 0.05364583333333333 0.5444444444444445
1 0.45625 0.5027777777777778 0.052083333333333336 0.3962962962962963
1 0.2359375 0.5143518518518518 0.053125 0.38796296296296295
2 0.6794270833333333 0.4962962962962963 0.057812499999999996 0.41481481481481486
3 0.2947916666666667 0.47500000000000003 0.051041666666666666 0.15555555555555556
3 0.40182291666666664 0.46990740740740744 0.0484375 0.14166666666666666
3 0.5143229166666666 0.46574074074074073 0.0484375 0.1388888888888889
9 0.17578125 0.23611111111111113 0.05572916666666666 0.12222222222222223
9 0.2359375 0.3773148148148148 0.051041666666666666 0.1212962962962963
8 0.34270833333333334 0.2263888888888889 0.051041666666666666 0.1212962962962963
8 0.5661458333333333 0.2189814814814815 0.051041666666666666 0.1212962962962963
5 0.45625 0.3592592592592593 0.052083333333333336 0.11481481481481481
7 0.6768229166666666 0.35000000000000003 0.04635416666666667 0.12222222222222223
10 0.23567708333333334 0.5740740740740741 0.0421875 0.26296296296296295
11 0.346875 0.5722222222222223 0.029166666666666667 0.2833333333333333
