3 0.3640625 0.6018518518518519 0.04895833333333333 0.22592592592592595
0 0.14583333333333334 0.4740740740740741 0.06875 0.6851851851851852
0 0.28880208333333335 0.4671296296296297 0.06302083333333333 0.6861111111111111
0 0.4901041666666667 0.46111111111111114 0.0625 0.6611111111111111
0 0.6205729166666667 0.4513888888888889 0.0546875 0.6546296296296297
1 0.6796875 0.5324074074074074 0.052083333333333336 0.4777777777777778
1 0.07239583333333333 0.5717592592592593 0.065625 0.5120370370370371
10 0.07421875 0.6439814814814815 0.0421875 0.33425925925925926
10 0.14869791666666665 0.5287037037037037 0.06302083333333333 0.3462962962962963
10 0.2859375 0.5203703703703704 0.041666666666666664 0.34074074074074073
10 0.496875 0.5115740740740741 0.04375 0.3212962962962963
10 0.6197916666666666 0.5171296296296296 0.04583333333333333 0.3527777777777778
11 0.6794270833333333 0.6370370370370371 0.044270833333333336 0.2611111111111111
9 0.14479166666666665 0.20231481481481484 0.06875 0.13425925925925927
5 0.6809895833333334 0.35833333333333334 0.049479166666666664 0.12962962962962962
8 0.2890625 0.19305555555555556 0.06145833333333333 0.13425925925925927
8 0.6213541666666667 0.18935185185185185 0.05625 0.13240740740740742
7 0.07473958333333333 0.38333333333333336 0.06614583333333333 0.1388888888888889
7 0.4901041666666667 0.19814814814814816 0.0625 0.13333333333333333
