0 0.11614583333333334 0.44953703703703707 0.065625 0.5898148148148148
0 0.24010416666666667 0.44074074074074077 0.059375 0.5851851851851853
0 0.36692708333333335 0.43842592592592594 0.05260416666666667 0.5842592592592593
1 0.48333333333333334 0.5115740740740741 0.05 0.4138888888888889
1 0.54453125 0.5060185185185185 0.05364583333333333 0.4138888888888889
1 0.6541666666666667 0.5050925925925926 0.051041666666666666 0.42129629629629634
9 0.11458333333333333 0.22222222222222224 0.0625 0.13518518518518519
9 0.4830729166666667 0.35694444444444445 0.0546875 0.11944444444444445
8 0.240625 0.21064814814814817 0.06354166666666666 0.11944444444444445
8 0.5450520833333333 0.3527777777777778 0.05260416666666667 0.1277777777777778
6 0.36484375 0.2050925925925926 0.04739583333333333 0.11944444444444445
5 0.6591145833333333 0.35694444444444445 0.058854166666666666 0.11944444444444445
10 0.11171874999999999 0.46851851851851856 0.03802083333333333 0.23703703703703705
10 0.24453125 0.5157407407407407 0.049479166666666664 0.3314814814814815
10 0.36614583333333334 0.4708333333333333 0.04479166666666667 0.25462962962962965
11 0.5447916666666667 0.6143518518518519 0.025 0.19166666666666668
