4 0.3151041666666667 0.5555555555555556 0.06145833333333333 0.1851851851851852
4 0.59140625 0.5347222222222222 0.059895833333333336 0.1675925925925926
0 0.16276041666666666 0.524537037037037 0.06614583333333333 0.6898148148148149
0 0.45286458333333335 0.5041666666666667 0.057812499999999996 0.6824074074074075
1 0.6643229166666667 0.5893518518518519 0.06302083333333333 0.5064814814814815
1 0.8013020833333333 0.5828703703703704 0.06302083333333333 0.4990740740740741
10 0.1640625 0.5481481481481482 0.04375 0.30185185185185187
10 0.4515625 0.5523148148148148 0.057291666666666664 0.3416666666666667
11 0.8127604166666667 0.7162037037037037 0.0296875 0.2101851851851852
9 0.16484375 0.2513888888888889 0.0703125 0.1398148148148148
5 0.45338541666666665 0.23240740740740742 0.06302083333333333 0.1388888888888889
5 0.6638020833333333 0.4041666666666667 0.06197916666666667 0.13240740740740742
8 0.8010416666666667 0.39861111111111114 0.06041666666666667 0.12685185185185185
