1 0.18385416666666665 0.5203703703703704 0.059375 0.45
1 0.30390625 0.5143518518518518 0.058854166666666666 0.4527777777777778
1 0.42265625 0.5125000000000001 0.0515625 0.437962962962963
0 0.5356770833333333 0.4449074074074074 0.049479166666666664 0.5453703703703704
0 0.70390625 0.44074074074074077 0.04114583333333333 0.5259259259259259
1 0.6473958333333333 0.4990740740740741 0.05 0.42592592592592593
10 0.19375 0.5916666666666667 0.0375 0.24444444444444446
10 0.7169270833333333 0.4791666666666667 0.013020833333333334 0.13055555555555556
11 0.42552083333333335 0.6101851851851852 0.03958333333333333 0.2425925925925926
11 0.5356770833333333 0.5537037037037037 0.04114583333333333 0.3314814814814815
11 0.6486979166666667 0.6111111111111112 0.043229166666666666 0.20555555555555557
7 0.18255208333333334 0.36064814814814816 0.057812499999999996 0.13055555555555556
5 0.30416666666666664 0.35694444444444445 0.05625 0.1212962962962963
6 0.42265625 0.35462962962962963 0.0515625 0.12222222222222223
8 0.6479166666666667 0.34351851851851856 0.051041666666666666 0.12222222222222223
