0 0.175 0.4703703703703704 0.06041666666666667 0.5722222222222223
1 0.2375 0.5462962962962963 0.053125 0.4166666666666667
0 0.35442708333333334 0.45972222222222225 0.05260416666666667 0.5750000000000001
0 0.59296875 0.45 0.05677083333333333 0.5740740740740741
1 0.46979166666666666 0.5365740740740741 0.052083333333333336 0.41574074074074074
2 0.7109375 0.5212962962962964 0.052083333333333336 0.4388888888888889
10 0.23541666666666666 0.5962962962962963 0.03854166666666667 0.2925925925925926
11 0.35546875 0.5976851851851852 0.0328125 0.30833333333333335
9 0.17395833333333333 0.24583333333333335 0.06145833333333333 0.1212962962962963
9 0.23828125 0.4013888888888889 0.049479166666666664 0.11203703703703705
8 0.35390625 0.23333333333333334 0.05572916666666666 0.12592592592592594
8 0.5934895833333333 0.22731481481481483 0.058854166666666666 0.1287037037037037
5 0.46901041666666665 0.38333333333333336 0.0671875 0.12407407407407407
7 0.71328125 0.36712962962962964 0.057812499999999996 0.12685185185185185
3 0.29635416666666664 0.500462962962963 0.03958333333333333 0.1638888888888889
3 0.4153645833333333 0.49212962962962964 0.0453125 0.15092592592592594
3 0.5341145833333333 0.487962962962963 0.043229166666666666 0.1574074074074074
