0 0.08411458333333333 0.4800925925925926 0.05364583333333333 0.5842592592592593
0 0.2796875 0.45740740740740743 0.058333333333333334 0.6222222222222222
0 0.5372395833333333 0.47175925925925927 0.0484375 0.5750000000000001
2 0.6625 0.5305555555555556 0.051041666666666666 0.46111111111111114
1 0.14817708333333332 0.5412037037037037 0.059895833333333336 0.45462962962962966
1 0.40651041666666665 0.5560185185185186 0.04635416666666667 0.4175925925925926
4 0.2171875 0.49953703703703706 0.053125 0.1675925925925926
4 0.3442708333333333 0.4916666666666667 0.051041666666666666 0.15555555555555556
4 0.47291666666666665 0.49074074074074076 0.05 0.15
10 0.14505208333333333 0.6148148148148148 0.024479166666666666 0.26851851851851855
10 0.5421875 0.5037037037037038 0.034375 0.2611111111111111
9 0.14895833333333333 0.37777777777777777 0.06145833333333333 0.1277777777777778
8 0.2786458333333333 0.20925925925925926 0.058333333333333334 0.12962962962962962
7 0.6625 0.3592592592592593 0.04895833333333333 0.11851851851851852
11 0.27421875 0.6148148148148148 0.027604166666666666 0.3037037037037037
