4 0.25494791666666666 0.5787037037037037 0.058854166666666666 0.2
4 0.5515625 0.55 0.057291666666666664 0.18888888888888888
0 0.09114583333333333 0.5393518518518519 0.07395833333333333 0.7324074074074074
0 0.4 0.5097222222222222 0.06041666666666667 0.6990740740740741
1 0.6216145833333333 0.6027777777777777 0.059895833333333336 0.5148148148148148
1 0.7614583333333333 0.5935185185185186 0.06041666666666667 0.5074074074074074
10 0.09401041666666667 0.5703703703703704 0.05260416666666667 0.3148148148148148
10 0.4044270833333333 0.5731481481481482 0.05364583333333333 0.37222222222222223
11 0.7747395833333334 0.725462962962963 0.025520833333333333 0.20833333333333334
9 0.09166666666666666 0.24537037037037038 0.07395833333333333 0.15555555555555556
5 0.4015625 0.23101851851851854 0.06458333333333333 0.15092592592592594
5 0.6236979166666666 0.4138888888888889 0.06197916666666667 0.14074074074074075
8 0.7627604166666666 0.40370370370370373 0.06302083333333333 0.13148148148148148
