1 0.17734375 0.5935185185185186 0.06197916666666667 0.48888888888888893
1 0.30755208333333334 0.5856481481481481 0.0609375 0.48055555555555557
1 0.43776041666666665 0.5847222222222223 0.057812499999999996 0.4861111111111111
0 0.5635416666666666 0.5175925925925926 0.052083333333333336 0.6092592592592593
1 0.6903645833333333 0.576388888888889 0.05572916666666666 0.47870370370370374
0 0.7567708333333333 0.5125000000000001 0.053125 0.5953703703703704
7 0.17578125 0.4189814814814815 0.0609375 0.13611111111111113
5 0.30625 0.41203703703703703 0.058333333333333334 0.13703703703703704
6 0.4359375 0.4078703703703704 0.05625 0.13425925925925927
8 0.6919270833333333 0.40324074074074073 0.05677083333333333 0.13611111111111113
10 0.18619791666666666 0.6680555555555556 0.0421875 0.2601851851851852
11 0.4388020833333333 0.6949074074074074 0.044270833333333336 0.26203703703703707
11 0.56484375 0.6347222222222223 0.044270833333333336 0.3712962962962963
11 0.6893229166666667 0.701388888888889 0.04635416666666667 0.23240740740740742
10 0.771875 0.5569444444444445 0.016666666666666666 0.15092592592592594
