1 0.22473958333333333 0.5555555555555556 0.0703125 0.5166666666666667
1 0.5140625 0.5412037037037037 0.06979166666666667 0.5194444444444445
2 0.8075520833333333 0.5263888888888889 0.058854166666666666 0.5212962962962964
0 0.14453125 0.4671296296296297 0.0796875 0.700925925925926
0 0.3640625 0.45416666666666666 0.07083333333333333 0.7083333333333334
0 0.6630208333333333 0.4365740740740741 0.065625 0.7138888888888889
3 0.29635416666666664 0.5060185185185185 0.05625 0.18981481481481483
3 0.44479166666666664 0.49259259259259264 0.0625 0.18333333333333335
3 0.5901041666666667 0.48703703703703705 0.052083333333333336 0.1851851851851852
9 0.14375 0.19074074074074074 0.078125 0.15
9 0.22343749999999998 0.37453703703703706 0.06666666666666667 0.15092592592592594
8 0.36822916666666666 0.1736111111111111 0.07604166666666666 0.14907407407407408
8 0.6635416666666667 0.15601851851851853 0.06979166666666667 0.15092592592592594
5 0.5182291666666666 0.35000000000000003 0.08333333333333333 0.15185185185185185
7 0.80859375 0.33240740740740743 0.0671875 0.14814814814814814
10 0.22526041666666666 0.6375000000000001 0.04114583333333333 0.3416666666666667
11 0.37213541666666666 0.6337962962962963 0.03802083333333333 0.3490740740740741
