4 0.34140625 0.5625 0.05572916666666666 0.1712962962962963
4 0.615625 0.5458333333333334 0.05625 0.16574074074074074
0 0.20078125 0.5282407407407408 0.059895833333333336 0.6620370370370371
0 0.47760416666666666 0.5148148148148148 0.06041666666666667 0.6833333333333333
1 0.6875 0.5976851851851852 0.058333333333333334 0.4935185185185185
1 0.8244791666666667 0.5944444444444444 0.06041666666666667 0.5018518518518519
10 0.20026041666666666 0.5587962962962963 0.04010416666666666 0.2953703703703704
10 0.4796875 0.5680555555555555 0.051041666666666666 0.34351851851851856
11 0.8388020833333333 0.7319444444444445 0.0296875 0.2138888888888889
9 0.2015625 0.2652777777777778 0.06145833333333333 0.13611111111111113
5 0.4783854166666667 0.24305555555555555 0.0640625 0.13240740740740742
5 0.6880208333333333 0.4138888888888889 0.06145833333333333 0.13148148148148148
8 0.8239583333333333 0.41620370370370374 0.058333333333333334 0.13611111111111113
