0 0.1125 0.4898148148148148 0.06979166666666667 0.6981481481481482
0 0.26015625 0.49212962962962964 0.06614583333333333 0.6972222222222223
0 0.4036458333333333 0.4962962962962963 0.06666666666666667 0.6925925925925926
0 0.5505208333333333 0.5231481481481481 0.052083333333333336 0.6370370370370371
0 0.6973958333333333 0.4916666666666667 0.0625 0.7074074074074075
10 0.10078125 0.5101851851851852 0.027604166666666666 0.2796296296296296
10 0.41041666666666665 0.5675925925925926 0.046875 0.29814814814814816
10 0.6921875 0.5282407407407408 0.040625 0.2916666666666667
5 0.11171874999999999 0.21342592592592594 0.07135416666666666 0.15092592592592594
6 0.259375 0.2199074074074074 0.06458333333333333 0.15092592592592594
7 0.4036458333333333 0.22268518518518518 0.06770833333333333 0.14907407407407408
8 0.6981770833333333 0.20833333333333334 0.06302083333333333 0.14444444444444446
11 0.5471354166666667 0.6578703703703704 0.030729166666666665 0.3601851851851852
