0 0.11796875 0.5601851851851852 0.05572916666666666 0.662962962962963
1 0.19505208333333332 0.6296296296296297 0.0671875 0.5148148148148148
0 0.34401041666666665 0.537962962962963 0.058854166666666666 0.7000000000000001
4 0.4166666666666667 0.5388888888888889 0.05625 0.1814814814814815
1 0.48932291666666666 0.6449074074074075 0.05260416666666667 0.46944444444444444
0 0.5619791666666667 0.5620370370370371 0.04895833333333333 0.638888888888889
0 0.6296875 0.5611111111111111 0.04791666666666666 0.6351851851851852
3 0.6947916666666667 0.6277777777777778 0.05416666666666667 0.3648148148148148
2 0.7666666666666666 0.6287037037037038 0.05625 0.5055555555555555
9 0.19505208333333332 0.4467592592592593 0.06614583333333333 0.14907407407407408
8 0.3455729166666667 0.25833333333333336 0.06197916666666667 0.14814814814814814
7 0.7666666666666666 0.4430555555555556 0.05625 0.13611111111111113
11 0.34088541666666666 0.7041666666666667 0.0328125 0.3675925925925926
10 0.19010416666666666 0.712962962962963 0.03125 0.32037037037037036
10 0.5533854166666666 0.5851851851851853 0.03802083333333333 0.2925925925925926
10 0.63515625 0.587037037037037 0.0359375 0.3111111111111111
