7 0.13802083333333334 0.3787037037037037 0.06458333333333333 0.14074074074074075
8 0.203125 0.21342592592592594 0.075 0.14722222222222223
9 0.33125 0.3689814814814815 0.0625 0.14722222222222223
9 0.725 0.19583333333333333 0.07604166666666666 0.13796296296296298
5 0.46380208333333334 0.3680555555555556 0.0703125 0.13055555555555556
5 0.5932291666666667 0.3453703703703704 0.071875 0.13333333333333333
11 0.13932291666666666 0.6712962962962963 0.0328125 0.19074074074074074
11 0.20442708333333334 0.611574074074074 0.03802083333333333 0.3138888888888889
11 0.7190104166666667 0.5893518518518519 0.04114583333333333 0.33425925925925926
10 0.10911458333333333 0.6671296296296296 0.04114583333333333 0.19907407407407407
10 0.33958333333333335 0.6064814814814815 0.040625 0.27037037037037037
10 0.59765625 0.6050925925925926 0.034895833333333334 0.28611111111111115
4 0.2713541666666667 0.4981481481481482 0.05416666666666667 0.17222222222222222
4 0.4002604166666667 0.48055555555555557 0.05364583333333333 0.15555555555555556
4 0.5299479166666666 0.4763888888888889 0.0546875 0.1527777777777778
1 0.14322916666666666 0.5300925925925926 0.065625 0.47870370370370374
1 0.33567708333333335 0.5347222222222222 0.0640625 0.4527777777777778
1 0.4614583333333333 0.5296296296296297 0.06041666666666667 0.46296296296296297
1 0.5953125 0.5189814814814815 0.07291666666666667 0.4842592592592593
0 0.20677083333333332 0.46064814814814814 0.08020833333333333 0.6435185185185185
0 0.7182291666666667 0.4513888888888889 0.059375 0.6398148148148148
