0 0.13229166666666667 0.48333333333333334 0.04375 0.5203703703703704
0 0.31145833333333334 0.4625 0.051041666666666666 0.5453703703703704
0 0.5390625 0.4759259259259259 0.040625 0.4981481481481482
1 0.19375 0.5398148148148149 0.053125 0.40555555555555556
1 0.4231770833333333 0.5509259259259259 0.04010416666666666 0.3648148148148148
2 0.64453125 0.524537037037037 0.043229166666666666 0.39722222222222225
4 0.25364583333333335 0.49953703703703706 0.04375 0.14351851851851852
4 0.36796875 0.4912037037037037 0.04635416666666667 0.13796296296296298
4 0.47994791666666664 0.4930555555555556 0.044270833333333336 0.13425925925925927
9 0.19322916666666667 0.39212962962962966 0.05416666666666667 0.11018518518518519
8 0.3109375 0.24351851851851852 0.05 0.11666666666666667
7 0.6434895833333333 0.3763888888888889 0.0421875 0.10648148148148148
10 0.19036458333333334 0.6064814814814815 0.024479166666666666 0.24629629629629632
10 0.5434895833333333 0.5018518518518519 0.027604166666666666 0.2351851851851852
11 0.3091145833333333 0.6023148148148149 0.024479166666666666 0.27314814814814814
