3 0.4122395833333333 0.6106481481481482 0.049479166666666664 0.20833333333333334
0 0.21822916666666667 0.5037037037037038 0.059375 0.6296296296296297
0 0.3458333333333333 0.49212962962962964 0.05625 0.6287037037037038
0 0.5299479166666666 0.4851851851851852 0.0546875 0.6074074074074074
0 0.65546875 0.47731481481481486 0.05364583333333333 0.6138888888888889
1 0.15651041666666665 0.5851851851851853 0.058854166666666666 0.4759259259259259
1 0.7145833333333333 0.5560185185185186 0.052083333333333336 0.45462962962962966
10 0.15442708333333333 0.6412037037037037 0.03802083333333333 0.30462962962962964
10 0.22343749999999998 0.5462962962962963 0.053125 0.3037037037037037
10 0.34348958333333335 0.5370370370370371 0.0328125 0.3092592592592593
10 0.5359375 0.5337962962962963 0.03958333333333333 0.2953703703703704
10 0.65390625 0.5412037037037037 0.0453125 0.3287037037037037
11 0.7158854166666666 0.6560185185185186 0.0421875 0.24537037037037038
9 0.21875 0.250462962962963 0.058333333333333334 0.11574074074074074
5 0.7158854166666666 0.3907407407407408 0.050520833333333334 0.11851851851851852
8 0.34739583333333335 0.23703703703703705 0.05520833333333333 0.12037037037037038
8 0.6559895833333333 0.22962962962962963 0.0515625 0.11481481481481481
7 0.15625 0.4064814814814815 0.053125 0.1277777777777778
7 0.53046875 0.24444444444444446 0.05572916666666666 0.11851851851851852
