0 0.15989583333333332 0.42824074074074076 0.07395833333333333 0.6398148148148148
0 0.29192708333333334 0.4217592592592593 0.0640625 0.6268518518518519
0 0.42682291666666666 0.4166666666666667 0.0546875 0.6240740740740741
1 0.5536458333333333 0.49722222222222223 0.051041666666666666 0.45555555555555555
1 0.6200520833333333 0.4962962962962963 0.058854166666666666 0.4537037037037037
1 0.7401041666666667 0.4902777777777778 0.04791666666666666 0.45462962962962966
9 0.16067708333333333 0.1824074074074074 0.0671875 0.13703703703703704
9 0.5591145833333333 0.33472222222222225 0.06197916666666667 0.1398148148148148
8 0.6171875 0.337037037037037 0.05625 0.13518518518518519
8 0.29375 0.17500000000000002 0.06145833333333333 0.12222222222222223
6 0.4283854166666667 0.17037037037037037 0.0609375 0.14074074074074075
5 0.7458333333333333 0.3287037037037037 0.06458333333333333 0.14074074074074075
10 0.1640625 0.45046296296296295 0.04375 0.25833333333333336
10 0.3 0.5055555555555555 0.04375 0.3703703703703704
10 0.43046875 0.4527777777777778 0.0390625 0.26851851851851855
11 0.6216145833333333 0.6185185185185186 0.0359375 0.20555555555555557
