0 0.1125 0.45231481481481484 0.06666666666666667 0.5805555555555556
0 0.23802083333333332 0.4462962962962963 0.0625 0.5925925925925926
0 0.36015625 0.4439814814814815 0.04635416666666667 0.5731481481481482
1 0.47942708333333334 0.513425925925926 0.0546875 0.41944444444444445
1 0.53984375 0.5097222222222222 0.0546875 0.4175925925925926
1 0.6572916666666666 0.5055555555555555 0.06041666666666667 0.4166666666666667
9 0.11041666666666666 0.21712962962962964 0.06875 0.125
9 0.47994791666666664 0.3625 0.050520833333333334 0.13240740740740742
8 0.23984375 0.2125 0.05572916666666666 0.1287037037037037
8 0.5450520833333333 0.3648148148148148 0.04635416666666667 0.11296296296296297
6 0.3638020833333333 0.21342592592592594 0.057812499999999996 0.12685185185185185
5 0.6578125 0.36064814814814816 0.05625 0.11944444444444445
10 0.10833333333333334 0.4851851851851852 0.04583333333333333 0.24629629629629632
10 0.24114583333333334 0.5185185185185185 0.042708333333333334 0.337037037037037
10 0.3645833333333333 0.48379629629629634 0.03958333333333333 0.2675925925925926
11 0.5403645833333334 0.6268518518518519 0.028645833333333332 0.18888888888888888
