3 0.4953125 0.6138888888888889 0.04375 0.2
0 0.3140625 0.5087962962962963 0.058333333333333334 0.5953703703703704
0 0.4328125 0.5037037037037038 0.05520833333333333 0.6
0 0.6080729166666666 0.49768518518518523 0.05260416666666667 0.5935185185185186
0 0.7322916666666667 0.4916666666666667 0.053125 0.6
1 0.25703125 0.5842592592592593 0.0546875 0.4481481481481482
1 0.7893229166666667 0.5703703703703704 0.050520833333333334 0.45555555555555555
10 0.2544270833333333 0.6365740740740741 0.0328125 0.28425925925925927
10 0.3184895833333333 0.5462962962962963 0.049479166666666664 0.2851851851851852
10 0.43072916666666666 0.5453703703703704 0.03125 0.30185185185185187
10 0.6145833333333334 0.5439814814814815 0.03854166666666667 0.28425925925925927
10 0.73125 0.549074074074074 0.04375 0.32407407407407407
11 0.7895833333333333 0.6685185185185185 0.03958333333333333 0.25
9 0.31276041666666665 0.27222222222222225 0.05572916666666666 0.11111111111111112
5 0.7916666666666666 0.4050925925925926 0.05416666666666667 0.11574074074074074
8 0.4317708333333333 0.2611111111111111 0.053125 0.11481481481481481
8 0.7328125 0.2476851851851852 0.057291666666666664 0.11203703703703705
7 0.25729166666666664 0.4236111111111111 0.052083333333333336 0.1212962962962963
7 0.6078125 0.26203703703703707 0.057291666666666664 0.12222222222222223
