10 0.21328125 0.5680555555555555 0.06822916666666666 0.2564814814814815
10 0.48203124999999997 0.5805555555555556 0.043229166666666666 0.26481481481481484
0 0.13359375 0.5458333333333334 0.07135416666666666 0.6601851851851852
0 0.20442708333333334 0.5337962962962963 0.06927083333333334 0.6509259259259259
0 0.3385416666666667 0.5310185185185186 0.059375 0.6583333333333333
0 0.46979166666666666 0.5185185185185185 0.065625 0.6425925925925926
1 0.7239583333333334 0.5930555555555556 0.051041666666666666 0.48055555555555557
9 0.1296875 0.2837962962962963 0.06770833333333333 0.1287037037037037
9 0.20442708333333334 0.2814814814814815 0.0640625 0.13148148148148148
9 0.7276041666666666 0.4222222222222222 0.05625 0.1277777777777778
8 0.3325520833333333 0.26712962962962966 0.059895833333333336 0.13611111111111113
7 0.46953125 0.2740740740740741 0.06510416666666667 0.13148148148148148
11 0.73203125 0.6949074074074074 0.04010416666666666 0.28611111111111115
11 0.14817708333333332 0.6810185185185186 0.0484375 0.35833333333333334
