11 0.5880208333333333 0.6523148148148148 0.026041666666666668 0.19907407407407407
0 0.125 0.4638888888888889 0.059375 0.6351851851851852
0 0.26067708333333334 0.4625 0.06197916666666667 0.6194444444444445
0 0.39348958333333334 0.45787037037037037 0.058854166666666666 0.6231481481481481
1 0.5174479166666667 0.5365740740740741 0.05260416666666667 0.45092592592592595
1 0.5765625 0.5333333333333333 0.05 0.4388888888888889
1 0.7046875 0.5259259259259259 0.05416666666666667 0.45740740740740743
9 0.12838541666666667 0.22222222222222224 0.06822916666666666 0.1388888888888889
9 0.5161458333333333 0.3740740740740741 0.057291666666666664 0.12407407407407407
8 0.5838541666666667 0.3736111111111111 0.053125 0.12314814814814816
8 0.2591145833333333 0.2152777777777778 0.05677083333333333 0.125
6 0.39296875 0.2138888888888889 0.0515625 0.12592592592592594
5 0.70546875 0.3699074074074074 0.059895833333333336 0.13611111111111113
10 0.1265625 0.49953703703703706 0.042708333333333334 0.2657407407407408
10 0.2669270833333333 0.537962962962963 0.04635416666666667 0.35000000000000003
10 0.3950520833333333 0.4939814814814815 0.0453125 0.27870370370370373
