0 0.13776041666666666 0.412962962962963 0.07135416666666666 0.6648148148148149
0 0.27630208333333334 0.4013888888888889 0.059895833333333336 0.6527777777777778
0 0.41770833333333335 0.3962962962962963 0.05520833333333333 0.6574074074074074
1 0.54765625 0.47500000000000003 0.059895833333333336 0.47222222222222227
1 0.6197916666666666 0.48055555555555557 0.051041666666666666 0.4666666666666667
1 0.7484375 0.4671296296296297 0.05625 0.47685185185185186
9 0.13645833333333332 0.14953703703703705 0.065625 0.13796296296296298
9 0.5505208333333333 0.31157407407407406 0.057291666666666664 0.14537037037037037
8 0.62109375 0.3111111111111111 0.04739583333333333 0.12592592592592594
8 0.27317708333333335 0.1398148148148148 0.0671875 0.12962962962962962
6 0.4166666666666667 0.13425925925925927 0.05625 0.14814814814814814
5 0.7513020833333334 0.3023148148148148 0.05677083333333333 0.13425925925925927
10 0.13723958333333333 0.4430555555555556 0.0390625 0.2935185185185185
10 0.2864583333333333 0.4828703703703704 0.059375 0.3768518518518519
10 0.4205729166666667 0.4222222222222222 0.03697916666666667 0.27592592592592596
11 0.6244791666666667 0.6046296296296296 0.03333333333333333 0.23148148148148148
