0 0.19557291666666665 0.4666666666666667 0.057812499999999996 0.587037037037037
0 0.38125 0.4527777777777778 0.059375 0.5888888888888889
0 0.6299479166666666 0.4398148148148148 0.0609375 0.6018518518518519
1 0.2635416666666667 0.5416666666666667 0.06979166666666667 0.43703703703703706
1 0.50859375 0.5305555555555556 0.0640625 0.4425925925925926
2 0.7546875 0.5148148148148148 0.05520833333333333 0.4518518518518519
3 0.3265625 0.5013888888888889 0.04791666666666666 0.1564814814814815
3 0.44609375 0.48703703703703705 0.0546875 0.15555555555555556
3 0.5716145833333334 0.4828703703703704 0.050520833333333334 0.1527777777777778
10 0.2598958333333333 0.600925925925926 0.036458333333333336 0.2833333333333333
11 0.38697916666666665 0.5949074074074074 0.03958333333333333 0.3194444444444445
9 0.19713541666666667 0.23287037037037037 0.06302083333333333 0.12685185185185185
9 0.26145833333333335 0.38842592592592595 0.06875 0.125
8 0.3815104166666667 0.2175925925925926 0.058854166666666666 0.11851851851851852
8 0.6278645833333333 0.20324074074074075 0.058854166666666666 0.1287037037037037
5 0.5078125 0.37453703703703706 0.06041666666666667 0.13055555555555556
7 0.7546875 0.35879629629629634 0.05416666666666667 0.13425925925925927
