11 0.18046875 0.6282407407407408 0.04635416666666667 0.30648148148148147
11 0.6697916666666667 0.6407407407407407 0.035416666666666666 0.24814814814814815
0 0.16640625 0.5106481481481482 0.06302083333333333 0.5601851851851852
0 0.23046875 0.5037037037037038 0.06197916666666667 0.55
0 0.33697916666666666 0.500462962962963 0.052083333333333336 0.549074074074074
0 0.44453125 0.49212962962962964 0.05364583333333333 0.5453703703703704
1 0.6671875 0.5597222222222222 0.052083333333333336 0.41944444444444445
9 0.16223958333333333 0.28564814814814815 0.049479166666666664 0.10092592592592593
9 0.225 0.2847222222222222 0.051041666666666666 0.11203703703703705
9 0.6674479166666667 0.4087962962962963 0.05364583333333333 0.1175925925925926
8 0.33880208333333334 0.27222222222222225 0.06197916666666667 0.11111111111111112
7 0.44427083333333334 0.2814814814814815 0.051041666666666666 0.11666666666666667
10 0.23359375 0.5347222222222222 0.057812499999999996 0.2212962962962963
10 0.45989583333333334 0.538425925925926 0.04375 0.23425925925925928
