10 0.5244791666666666 0.5842592592592593 0.046875 0.2388888888888889
10 0.28125 0.5671296296296297 0.058333333333333334 0.23425925925925928
0 0.21510416666666665 0.5425925925925926 0.06145833333333333 0.5888888888888889
0 0.27760416666666665 0.538425925925926 0.065625 0.5824074074074075
0 0.3921875 0.5388888888888889 0.059375 0.5962962962962963
0 0.5114583333333333 0.5365740740740741 0.05625 0.5861111111111111
1 0.7442708333333333 0.6046296296296296 0.053125 0.44074074074074077
9 0.20755208333333333 0.3092592592592593 0.0546875 0.11666666666666667
9 0.2755208333333333 0.3111111111111111 0.05625 0.12222222222222223
9 0.7458333333333333 0.4449074074074074 0.05416666666666667 0.1175925925925926
8 0.39140625 0.3027777777777778 0.0515625 0.11851851851851852
7 0.5127604166666666 0.3087962962962963 0.04739583333333333 0.1212962962962963
11 0.2203125 0.674537037037037 0.04375 0.3212962962962963
11 0.7458333333333333 0.7023148148148148 0.034375 0.25092592592592594
