4 0.2953125 0.5416666666666667 0.057291666666666664 0.17222222222222222
4 0.55703125 0.5203703703703704 0.0546875 0.15925925925925927
0 0.15104166666666666 0.5120370370370371 0.06145833333333333 0.6462962962962964
0 0.42578125 0.48888888888888893 0.059895833333333336 0.6425925925925926
1 0.6236979166666666 0.5574074074074075 0.05572916666666666 0.46851851851851856
1 0.7520833333333333 0.5513888888888889 0.057291666666666664 0.4601851851851852
10 0.15442708333333333 0.5416666666666667 0.04635416666666667 0.2814814814814815
10 0.42994791666666665 0.538425925925926 0.049479166666666664 0.32685185185185184
11 0.7638020833333333 0.6791666666666667 0.028645833333333332 0.19907407407407407
9 0.15078125 0.2518518518518519 0.0640625 0.12407407407407407
5 0.4265625 0.23055555555555557 0.05625 0.12222222222222223
5 0.62421875 0.38981481481481484 0.0546875 0.13148148148148148
8 0.7510416666666666 0.37962962962962965 0.05625 0.11666666666666667
