11 0.6322916666666667 0.6962962962962963 0.034375 0.2351851851851852
0 0.10755208333333333 0.47453703703703703 0.07135416666666666 0.7157407407407408
0 0.2591145833333333 0.46296296296296297 0.0703125 0.7166666666666667
0 0.4122395833333333 0.4625 0.07135416666666666 0.7212962962962963
1 0.5510416666666667 0.5523148148148148 0.058333333333333334 0.5305555555555556
1 0.6283854166666667 0.5560185185185186 0.04635416666666667 0.5231481481481481
1 0.7721354166666666 0.5425925925925926 0.058854166666666666 0.5222222222222223
9 0.10885416666666667 0.19722222222222224 0.078125 0.1462962962962963
9 0.5552083333333333 0.36944444444444446 0.06145833333333333 0.14074074074074075
8 0.6328125 0.3625 0.05520833333333333 0.14166666666666666
8 0.25546875 0.17824074074074076 0.07135416666666666 0.14907407407407408
6 0.40911458333333334 0.17962962962962964 0.06614583333333333 0.15
5 0.7744791666666666 0.35879629629629634 0.06458333333333333 0.14722222222222223
10 0.10520833333333333 0.5087962962962963 0.04375 0.31574074074074077
10 0.26588541666666665 0.5569444444444445 0.05572916666666666 0.3990740740740741
10 0.41562499999999997 0.5185185185185185 0.051041666666666666 0.3314814814814815
