0 0.13359375 0.49259259259259264 0.07864583333333333 0.7759259259259259
1 0.22083333333333333 0.5912037037037037 0.071875 0.5675925925925926
0 0.37838541666666664 0.47870370370370374 0.07239583333333333 0.7759259259259259
0 0.7013020833333333 0.46435185185185185 0.06822916666666666 0.775
1 0.5385416666666667 0.575462962962963 0.06875 0.5601851851851852
2 0.8557291666666667 0.5597222222222222 0.06770833333333333 0.5638888888888889
4 0.3046875 0.5342592592592593 0.06458333333333333 0.20925925925925926
4 0.46171875 0.5226851851851853 0.059895833333333336 0.19351851851851853
4 0.61953125 0.5166666666666667 0.057812499999999996 0.1962962962962963
9 0.13359375 0.1875 0.07864583333333333 0.16574074074074074
9 0.22083333333333333 0.3893518518518519 0.071875 0.1638888888888889
8 0.37890625 0.17175925925925928 0.07135416666666666 0.16203703703703703
6 0.5380208333333333 0.3726851851851852 0.06770833333333333 0.15462962962962964
8 0.7020833333333333 0.15787037037037038 0.06979166666666667 0.15833333333333333
7 0.85546875 0.3509259259259259 0.06614583333333333 0.15
10 0.22005208333333334 0.687962962962963 0.04114583333333333 0.3314814814814815
10 0.7096354166666666 0.5259259259259259 0.04114583333333333 0.3388888888888889
11 0.38177083333333334 0.6643518518518519 0.03854166666666667 0.39722222222222225
