4 0.3203125 0.5402777777777777 0.06041666666666667 0.1712962962962963
4 0.57890625 0.5212962962962964 0.05260416666666667 0.1574074074074074
0 0.17838541666666666 0.5120370370370371 0.0609375 0.6555555555555556
0 0.44817708333333334 0.4935185185185185 0.05572916666666666 0.6407407407407407
1 0.6473958333333333 0.5712962962962963 0.05625 0.47962962962962963
1 0.7794270833333333 0.5726851851851852 0.059895833333333336 0.47500000000000003
10 0.17916666666666667 0.5310185185185186 0.041666666666666664 0.28240740740740744
10 0.4497395833333333 0.5402777777777777 0.043229166666666666 0.33240740740740743
11 0.78984375 0.701388888888889 0.03177083333333333 0.21574074074074076
9 0.18151041666666667 0.250462962962963 0.06302083333333333 0.13611111111111113
5 0.44895833333333335 0.23750000000000002 0.057291666666666664 0.13425925925925927
5 0.6505208333333333 0.3995370370370371 0.057291666666666664 0.12685185185185185
8 0.7799479166666666 0.3944444444444445 0.058854166666666666 0.12592592592592594
