0 0.1453125 0.4791666666666667 0.06458333333333333 0.6675925925925926
0 0.35703125 0.47314814814814815 0.057812499999999996 0.6592592592592593
0 0.6278645833333333 0.47222222222222227 0.05572916666666666 0.6518518518518519
1 0.21848958333333332 0.5652777777777778 0.06302083333333333 0.48240740740740745
10 0.21744791666666666 0.637962962962963 0.0359375 0.312962962962963
1 0.4921875 0.5601851851851852 0.06145833333333333 0.4777777777777778
2 0.7549479166666666 0.5569444444444445 0.0546875 0.48240740740740745
9 0.14583333333333334 0.2189814814814815 0.065625 0.14537037037037037
9 0.21822916666666667 0.3944444444444445 0.06145833333333333 0.14074074074074075
8 0.3578125 0.21296296296296297 0.06770833333333333 0.14814814814814814
8 0.6296875 0.2175925925925926 0.06041666666666667 0.1388888888888889
5 0.4927083333333333 0.3888888888888889 0.06875 0.14074074074074075
7 0.7549479166666666 0.39722222222222225 0.0546875 0.1537037037037037
11 0.3580729166666667 0.6314814814814815 0.0453125 0.34444444444444444
3 0.2895833333333333 0.5231481481481481 0.06145833333333333 0.1851851851851852
3 0.4263020833333333 0.5115740740740741 0.05364583333333333 0.17500000000000002
3 0.5611979166666666 0.5148148148148148 0.057812499999999996 0.17777777777777778
