7 0.18098958333333334 0.38796296296296295 0.07239583333333333 0.12962962962962962
8 0.24609375 0.20416666666666666 0.06510416666666667 0.13611111111111113
9 0.37890625 0.3824074074074074 0.06197916666666667 0.13518518518518519
9 0.77734375 0.21064814814814817 0.06822916666666666 0.1287037037037037
5 0.5088541666666666 0.3787037037037037 0.065625 0.14444444444444446
5 0.6416666666666666 0.3601851851851852 0.065625 0.13703703703703704
1 0.18098958333333334 0.5518518518518519 0.06510416666666667 0.46111111111111114
1 0.37447916666666664 0.5481481481481482 0.051041666666666666 0.46296296296296297
1 0.5111979166666667 0.5481481481481482 0.06510416666666667 0.4666666666666667
1 0.6395833333333333 0.5421296296296296 0.06666666666666667 0.4898148148148148
0 0.24947916666666667 0.46064814814814814 0.06770833333333333 0.6416666666666667
0 0.77578125 0.46481481481481485 0.04739583333333333 0.6444444444444445
4 0.3169270833333333 0.5 0.0609375 0.15555555555555556
4 0.44296874999999997 0.4986111111111111 0.03697916666666667 0.16574074074074074
4 0.57109375 0.4898148148148148 0.03802083333333333 0.1388888888888889
10 0.15208333333333332 0.663425925925926 0.0375 0.20462962962962963
10 0.38229166666666664 0.6245370370370371 0.04375 0.28425925925925927
10 0.6442708333333333 0.6236111111111111 0.034375 0.26944444444444443
11 0.17786458333333333 0.6759259259259259 0.03697916666666667 0.20185185185185187
11 0.24739583333333334 0.6064814814814815 0.05 0.3037037037037037
11 0.7755208333333333 0.6064814814814815 0.041666666666666664 0.3462962962962963
