3 0.42213541666666665 0.6574074074074074 0.0453125 0.2
0 0.22734374999999998 0.5407407407407407 0.0609375 0.6185185185185186
0 0.35520833333333335 0.5342592592592593 0.05625 0.6203703703703703
0 0.5375 0.525462962962963 0.05416666666666667 0.6083333333333334
0 0.6619791666666667 0.5157407407407407 0.05625 0.6037037037037037
1 0.16614583333333333 0.6245370370370371 0.059375 0.46944444444444444
1 0.7205729166666667 0.5921296296296297 0.05260416666666667 0.45092592592592595
10 0.16484375 0.6800925925925926 0.04010416666666666 0.30462962962962964
10 0.22838541666666667 0.5842592592592593 0.059895833333333336 0.2962962962962963
10 0.35104166666666664 0.5768518518518518 0.036458333333333336 0.30185185185185187
10 0.5455729166666666 0.5722222222222223 0.04010416666666666 0.2925925925925926
10 0.6614583333333334 0.5750000000000001 0.046875 0.3314814814814815
11 0.7223958333333333 0.6939814814814815 0.04479166666666667 0.24351851851851852
9 0.22760416666666666 0.2939814814814815 0.058333333333333334 0.1212962962962963
5 0.721875 0.4328703703703704 0.052083333333333336 0.12685185185185185
8 0.3546875 0.2833333333333333 0.05520833333333333 0.11851851851851852
8 0.6614583333333334 0.26990740740740743 0.05416666666666667 0.11203703703703705
7 0.16458333333333333 0.4587962962962963 0.058333333333333334 0.125
7 0.5361979166666666 0.2828703703703704 0.05572916666666666 0.11944444444444445
