7 0.13541666666666666 0.3939814814814815 0.078125 0.13796296296296298
6 0.27447916666666666 0.3995370370370371 0.07604166666666666 0.125
9 0.39427083333333335 0.40370370370370373 0.0625 0.17592592592592593
8 0.5171875 0.2351851851851852 0.05520833333333333 0.1537037037037037
8 0.63125 0.39583333333333337 0.06458333333333333 0.13611111111111113
1 0.14479166666666665 0.5703703703703704 0.08541666666666667 0.49444444444444446
1 0.3966145833333333 0.549537037037037 0.0703125 0.4861111111111111
1 0.6309895833333333 0.5569444444444445 0.05572916666666666 0.45092592592592595
0 0.5158854166666667 0.47824074074074074 0.0484375 0.6435185185185185
2 0.27682291666666664 0.5574074074074075 0.06614583333333333 0.4851851851851852
11 0.15234375 0.7791666666666667 0.05364583333333333 0.06759259259259259
11 0.521875 0.6106481481481482 0.04479166666666667 0.3453703703703704
11 0.6302083333333334 0.675 0.04479166666666667 0.21296296296296297
