0 0.0546875 0.524537037037037 0.08229166666666667 0.7472222222222222
0 0.2895833333333333 0.513425925925926 0.075 0.7398148148148148
0 0.5880208333333333 0.4939814814814815 0.07291666666666667 0.7175925925925927
1 0.13671875 0.6231481481481481 0.07135416666666666 0.5462962962962963
1 0.43828125 0.6037037037037037 0.06822916666666666 0.5314814814814816
2 0.7361979166666667 0.5828703703703704 0.0640625 0.5342592592592593
3 0.21875 0.5666666666666667 0.07083333333333333 0.20925925925925926
3 0.3684895833333333 0.5518518518518519 0.06302083333333333 0.1851851851851852
3 0.5169270833333334 0.5356481481481482 0.0640625 0.18981481481481483
9 0.054427083333333334 0.23796296296296296 0.0796875 0.16111111111111112
9 0.1375 0.425462962962963 0.078125 0.15092592592592594
8 0.2903645833333333 0.22685185185185186 0.0765625 0.1685185185185185
8 0.5854166666666667 0.20925925925925926 0.07604166666666666 0.15555555555555556
7 0.7356770833333334 0.3893518518518519 0.06614583333333333 0.15462962962962964
5 0.43906249999999997 0.4101851851851852 0.078125 0.1537037037037037
10 0.13697916666666665 0.701388888888889 0.051041666666666666 0.3564814814814815
11 0.29453125 0.6967592592592593 0.05364583333333333 0.3601851851851852
