4 0.2973958333333333 0.5185185185185185 0.051041666666666666 0.15
4 0.5229166666666667 0.5171296296296296 0.04375 0.13796296296296298
0 0.17760416666666667 0.48750000000000004 0.052083333333333336 0.5675925925925926
0 0.4140625 0.4902777777777778 0.04791666666666666 0.5583333333333333
1 0.5815104166666667 0.5643518518518519 0.0453125 0.4138888888888889
1 0.6901041666666666 0.562962962962963 0.053125 0.40185185185185185
10 0.175 0.5120370370370371 0.040625 0.24629629629629632
10 0.4127604166666667 0.5277777777777778 0.043229166666666666 0.2777777777777778
11 0.6955729166666667 0.6726851851851852 0.0234375 0.18055555555555555
9 0.17760416666666667 0.2662037037037037 0.05 0.11944444444444445
5 0.4140625 0.26944444444444443 0.05 0.12222222222222223
5 0.5817708333333333 0.41203703703703703 0.046875 0.10925925925925926
8 0.690625 0.41712962962962963 0.052083333333333336 0.10092592592592593
