10 0.19114583333333332 0.48055555555555557 0.035416666666666666 0.2888888888888889
10 0.4890625 0.4814814814814815 0.046875 0.28703703703703703
11 0.8299479166666667 0.65 0.0359375 0.2240740740740741
0 0.19557291666666665 0.4513888888888889 0.06822916666666666 0.6694444444444445
0 0.4791666666666667 0.4430555555555556 0.05520833333333333 0.6731481481481482
1 0.6859375 0.5171296296296296 0.05520833333333333 0.4953703703703704
1 0.8252604166666666 0.5148148148148148 0.06510416666666667 0.49444444444444446
9 0.19270833333333334 0.18611111111111112 0.06354166666666666 0.13333333333333333
5 0.4786458333333333 0.16898148148148148 0.059375 0.13796296296296298
5 0.6911458333333333 0.3421296296296296 0.059375 0.13425925925925927
8 0.8229166666666666 0.33564814814814814 0.065625 0.12314814814814816
4 0.33697916666666666 0.49074074074074076 0.05625 0.18703703703703706
4 0.6197916666666666 0.47824074074074074 0.051041666666666666 0.1675925925925926
