7 0.18723958333333332 0.375 0.0609375 0.12592592592592594
8 0.25625 0.2 0.06354166666666666 0.13703703703703704
9 0.38958333333333334 0.37962962962962965 0.0625 0.12962962962962962
9 0.7950520833333333 0.20185185185185187 0.06614583333333333 0.13333333333333333
5 0.51953125 0.3699074074074074 0.057812499999999996 0.14166666666666666
5 0.65234375 0.3560185185185185 0.06302083333333333 0.13796296296296298
1 0.1875 0.5481481481481482 0.059375 0.4759259259259259
1 0.3841145833333333 0.5462962962962963 0.0609375 0.4759259259259259
1 0.51484375 0.5412037037037037 0.04635416666666667 0.47500000000000003
1 0.6510416666666666 0.5319444444444444 0.065625 0.4916666666666667
0 0.25546875 0.45416666666666666 0.07135416666666666 0.6546296296296297
0 0.7955729166666666 0.45833333333333337 0.0609375 0.6555555555555556
11 0.18671875 0.6763888888888889 0.03802083333333333 0.20277777777777778
11 0.25338541666666664 0.6152777777777778 0.04114583333333333 0.33796296296296297
11 0.7830729166666667 0.6106481481481482 0.049479166666666664 0.35462962962962963
4 0.3247395833333333 0.4990740740740741 0.0515625 0.16296296296296298
4 0.45625 0.4902777777777778 0.052083333333333336 0.1564814814814815
4 0.5833333333333334 0.48564814814814816 0.035416666666666666 0.14722222222222223
10 0.16223958333333333 0.6689814814814815 0.034895833333333334 0.19907407407407407
10 0.38984375 0.6217592592592592 0.04010416666666666 0.31203703703703706
10 0.65234375 0.6175925925925926 0.0296875 0.3074074074074074
