4 0.31640625 0.5587962962962963 0.0546875 0.1675925925925926
4 0.5838541666666667 0.537962962962963 0.051041666666666666 0.16666666666666669
0 0.16875 0.525462962962963 0.06458333333333333 0.6583333333333333
0 0.44765625 0.5064814814814815 0.057812499999999996 0.6722222222222223
1 0.653125 0.587962962962963 0.05520833333333333 0.4759259259259259
1 0.7872395833333333 0.5782407407407407 0.058854166666666666 0.4861111111111111
10 0.1703125 0.5537037037037037 0.04791666666666666 0.29074074074074074
10 0.44765625 0.5578703703703703 0.04739583333333333 0.3416666666666667
9 0.16953125 0.26342592592592595 0.0609375 0.125
5 0.4466145833333333 0.2425925925925926 0.06302083333333333 0.1388888888888889
5 0.6549479166666666 0.4101851851851852 0.0546875 0.12037037037037038
8 0.78828125 0.40231481481481485 0.06197916666666667 0.14351851851851852
11 0.8015625 0.7074074074074075 0.029166666666666667 0.21666666666666667
