0 0.18619791666666666 0.4712962962962963 0.05260416666666667 0.5944444444444444
0 0.30859375 0.47175925925925927 0.0546875 0.5898148148148148
0 0.43072916666666666 0.47222222222222227 0.05520833333333333 0.587037037037037
0 0.5549479166666667 0.4935185185185185 0.044270833333333336 0.5462962962962963
0 0.6778645833333333 0.4666666666666667 0.0515625 0.6111111111111112
5 0.18541666666666667 0.23564814814814816 0.05416666666666667 0.125
6 0.30885416666666665 0.24120370370370373 0.05520833333333333 0.1287037037037037
7 0.42942708333333335 0.24120370370370373 0.05364583333333333 0.125
8 0.6776041666666667 0.2212962962962963 0.052083333333333336 0.12407407407407407
10 0.17682291666666666 0.475462962962963 0.0265625 0.2064814814814815
10 0.43671875 0.5310185185185186 0.0359375 0.25833333333333336
11 0.55390625 0.6101851851851852 0.025520833333333333 0.3111111111111111
10 0.6736979166666667 0.5013888888888889 0.034895833333333334 0.2564814814814815
