4 0.33984375 0.5578703703703703 0.058854166666666666 0.18055555555555555
4 0.6161458333333333 0.5458333333333334 0.05520833333333333 0.18055555555555555
0 0.19427083333333334 0.5268518518518519 0.065625 0.674074074074074
0 0.4752604166666667 0.5101851851851852 0.059895833333333336 0.6851851851851852
1 0.6861979166666666 0.5930555555555556 0.06302083333333333 0.4990740740740741
1 0.82578125 0.5912037037037037 0.059895833333333336 0.5064814814814815
10 0.1953125 0.5550925925925926 0.04375 0.287962962962963
10 0.47578125 0.5611111111111111 0.0453125 0.3388888888888889
11 0.8372395833333334 0.7263888888888889 0.0265625 0.21203703703703705
9 0.19401041666666666 0.2606481481481482 0.06302083333333333 0.14166666666666666
5 0.4752604166666667 0.24074074074074076 0.059895833333333336 0.15
5 0.6875 0.41064814814814815 0.0625 0.13611111111111113
8 0.82421875 0.40231481481481485 0.06302083333333333 0.13425925925925927
