4 0.3346354166666667 0.5055555555555555 0.050520833333333334 0.16296296296296298
4 0.5880208333333333 0.4967592592592593 0.051041666666666666 0.1564814814814815
0 0.19947916666666665 0.475462962962963 0.057291666666666664 0.6212962962962963
0 0.46015625 0.4708333333333333 0.0546875 0.6398148148148148
1 0.6520833333333333 0.5402777777777777 0.05520833333333333 0.4638888888888889
1 0.7731770833333333 0.5370370370370371 0.058854166666666666 0.45
10 0.19895833333333332 0.5 0.04583333333333333 0.27037037037037037
10 0.45989583333333334 0.5115740740740741 0.04895833333333333 0.3212962962962963
11 0.7846354166666667 0.6620370370370371 0.027604166666666666 0.19814814814814816
9 0.20026041666666666 0.22962962962962963 0.058854166666666666 0.1277777777777778
5 0.46119791666666665 0.2212962962962963 0.057812499999999996 0.1277777777777778
5 0.653125 0.3768518518518519 0.052083333333333336 0.12592592592592594
8 0.7752604166666667 0.37222222222222223 0.0609375 0.11666666666666667
