4 0.28151041666666665 0.5370370370370371 0.0671875 0.1925925925925926
4 0.5630208333333333 0.5143518518518518 0.05520833333333333 0.1638888888888889
0 0.12421875 0.5027777777777778 0.07135416666666666 0.7037037037037037
0 0.42343749999999997 0.4791666666666667 0.06145833333333333 0.687962962962963
1 0.6364583333333333 0.5648148148148149 0.06458333333333333 0.4962962962962963
1 0.7684895833333333 0.549537037037037 0.0609375 0.48240740740740745
10 0.12604166666666666 0.5365740740740741 0.042708333333333334 0.3138888888888889
10 0.428125 0.5319444444444444 0.05625 0.33981481481481485
11 0.7817708333333333 0.6865740740740741 0.028125 0.20092592592592592
9 0.12343749999999999 0.2212962962962963 0.06770833333333333 0.13148148148148148
5 0.4244791666666667 0.2013888888888889 0.06354166666666666 0.13611111111111113
5 0.6372395833333333 0.37592592592592594 0.06197916666666667 0.1277777777777778
8 0.7705729166666666 0.3703703703703704 0.06197916666666667 0.12407407407407407
