0 0.15130208333333334 0.49444444444444446 0.06302083333333333 0.6425925925925926
0 0.2872395833333333 0.4916666666666667 0.057812499999999996 0.6370370370370371
0 0.41770833333333335 0.4916666666666667 0.058333333333333334 0.625925925925926
0 0.5513020833333333 0.5092592592592593 0.0421875 0.5833333333333334
0 0.6817708333333333 0.47870370370370374 0.051041666666666666 0.6351851851851852
10 0.14479166666666665 0.500925925925926 0.030208333333333334 0.23703703703703705
10 0.4265625 0.5481481481481482 0.0375 0.27037037037037037
10 0.67890625 0.5171296296296296 0.03697916666666667 0.2712962962962963
5 0.15104166666666666 0.24166666666666667 0.06354166666666666 0.13703703703703704
6 0.2869791666666667 0.2425925925925926 0.058333333333333334 0.1388888888888889
7 0.4166666666666667 0.24444444444444446 0.057291666666666664 0.13703703703703704
8 0.6817708333333333 0.22314814814814815 0.05416666666666667 0.1277777777777778
11 0.5513020833333333 0.6356481481481482 0.027604166666666666 0.33055555555555555
