4 0.3190104166666667 0.5337962962962963 0.05260416666666667 0.14351851851851852
4 0.5346354166666667 0.5240740740740741 0.049479166666666664 0.13148148148148148
0 0.2046875 0.5041666666666667 0.04791666666666666 0.5305555555555556
0 0.42734374999999997 0.4967592592592593 0.049479166666666664 0.5212962962962964
1 0.5919270833333333 0.5662037037037038 0.049479166666666664 0.39166666666666666
1 0.6958333333333333 0.5601851851851852 0.05 0.3851851851851852
10 0.20572916666666666 0.5300925925925926 0.0375 0.22870370370370371
10 0.43046875 0.5356481481481482 0.0421875 0.2638888888888889
11 0.7013020833333333 0.6671296296296296 0.024479166666666666 0.16203703703703703
9 0.20520833333333333 0.3 0.04895833333333333 0.10555555555555556
5 0.4278645833333333 0.28935185185185186 0.04739583333333333 0.10833333333333334
5 0.5921875 0.42592592592592593 0.04583333333333333 0.10185185185185186
8 0.6966145833333334 0.4236111111111111 0.0484375 0.10277777777777779
