4 0.3223958333333333 0.549074074074074 0.053125 0.17407407407407408
4 0.5984375 0.5356481481481482 0.0625 0.16574074074074074
0 0.17317708333333334 0.5171296296296296 0.06302083333333333 0.6787037037037037
0 0.46041666666666664 0.5041666666666667 0.05625 0.6824074074074075
1 0.671875 0.5782407407407407 0.059375 0.4953703703703704
1 0.8065104166666667 0.575925925925926 0.06302083333333333 0.49074074074074076
10 0.17239583333333333 0.5476851851851852 0.046875 0.30092592592592593
10 0.4591145833333333 0.55 0.05364583333333333 0.34074074074074073
11 0.8197916666666667 0.7152777777777778 0.026041666666666668 0.2175925925925926
9 0.17604166666666665 0.24722222222222223 0.06041666666666667 0.12962962962962962
5 0.4591145833333333 0.2300925925925926 0.058854166666666666 0.14351851851851852
5 0.67109375 0.4013888888888889 0.059895833333333336 0.13240740740740742
8 0.8072916666666666 0.39305555555555555 0.059375 0.1287037037037037
