3 0.4393229166666667 0.6652777777777779 0.043229166666666666 0.19722222222222224
1 0.18776041666666665 0.6412037037037037 0.05572916666666666 0.4601851851851852
1 0.7403645833333333 0.6106481481481482 0.05364583333333333 0.44907407407407407
0 0.24869791666666666 0.5611111111111111 0.057812499999999996 0.6111111111111112
0 0.37395833333333334 0.55 0.05625 0.6277777777777778
0 0.5565104166666667 0.5472222222222223 0.05572916666666666 0.6037037037037037
0 0.6799479166666667 0.5347222222222222 0.05572916666666666 0.6064814814814815
10 0.1859375 0.6944444444444444 0.03854166666666667 0.2851851851851852
10 0.24921875 0.6023148148148149 0.0546875 0.2990740740740741
10 0.3684895833333333 0.5930555555555556 0.0328125 0.2990740740740741
10 0.5640625 0.5865740740740741 0.03854166666666667 0.2972222222222222
10 0.68125 0.5958333333333333 0.04791666666666666 0.32685185185185184
11 0.7416666666666667 0.7106481481481481 0.04479166666666667 0.23796296296296296
9 0.24739583333333334 0.31574074074074077 0.057291666666666664 0.12222222222222223
5 0.740625 0.44907407407407407 0.052083333333333336 0.11851851851851852
8 0.3723958333333333 0.30092592592592593 0.05520833333333333 0.11481481481481481
8 0.6794270833333333 0.29120370370370374 0.0515625 0.11944444444444445
7 0.18802083333333333 0.46990740740740744 0.058333333333333334 0.1287037037037037
7 0.55625 0.3 0.05625 0.12407407407407407
