0 0.20598958333333334 0.49768518518518523 0.05572916666666666 0.6398148148148148
0 0.4236979166666667 0.4675925925925926 0.058854166666666666 0.6777777777777778
0 0.703125 0.4791666666666667 0.052083333333333336 0.6231481481481481
1 0.28020833333333334 0.5648148148148149 0.0625 0.49444444444444446
1 0.5630208333333333 0.576388888888889 0.051041666666666666 0.45092592592592595
2 0.8325520833333333 0.5412037037037037 0.05677083333333333 0.4898148148148148
4 0.353125 0.5157407407407407 0.053125 0.17962962962962964
4 0.4901041666666667 0.5023148148148149 0.052083333333333336 0.17314814814814816
4 0.63046875 0.5041666666666667 0.05364583333333333 0.1712962962962963
10 0.28020833333333334 0.6435185185185185 0.03333333333333333 0.29444444444444445
10 0.71015625 0.5125000000000001 0.0328125 0.28425925925925927
11 0.4231770833333333 0.638888888888889 0.028645833333333332 0.3314814814814815
9 0.2796875 0.3856481481481482 0.06145833333333333 0.13611111111111113
8 0.42265625 0.19861111111111113 0.058854166666666666 0.14351851851851852
7 0.8328125 0.36064814814814816 0.05625 0.13055555555555556
