4 0.290625 0.5282407407407408 0.05625 0.17500000000000002
4 0.5588541666666667 0.5087962962962963 0.05520833333333333 0.16574074074074074
0 0.14427083333333332 0.49768518518518523 0.06458333333333333 0.6657407407407407
0 0.4270833333333333 0.475462962962963 0.058333333333333334 0.6546296296296297
1 0.6294270833333333 0.5550925925925926 0.06197916666666667 0.47685185185185186
1 0.7580729166666667 0.5504629629629629 0.058854166666666666 0.47314814814814815
10 0.14947916666666666 0.5226851851851853 0.04791666666666666 0.2898148148148148
10 0.4278645833333333 0.524537037037037 0.050520833333333334 0.33240740740740743
11 0.7700520833333333 0.6824074074074075 0.024479166666666666 0.20185185185185187
9 0.1453125 0.22962962962962963 0.06666666666666667 0.13518518518518519
5 0.42734374999999997 0.2101851851851852 0.057812499999999996 0.1388888888888889
5 0.6294270833333333 0.37824074074074077 0.058854166666666666 0.13425925925925927
8 0.7580729166666667 0.375 0.0609375 0.12592592592592594
