3 0.4890625 0.6064814814814815 0.041666666666666664 0.2
0 0.3078125 0.5046296296296297 0.052083333333333336 0.5962962962962963
0 0.4244791666666667 0.49444444444444446 0.052083333333333336 0.6
0 0.6020833333333333 0.4902777777777778 0.053125 0.5916666666666667
0 0.725 0.48379629629629634 0.053125 0.5990740740740741
1 0.25104166666666666 0.576388888888889 0.05416666666666667 0.44351851851851853
1 0.7828125 0.5574074074074075 0.05 0.4444444444444445
10 0.24765625 0.6319444444444444 0.0328125 0.28611111111111115
10 0.31197916666666664 0.5435185185185185 0.046875 0.29444444444444445
10 0.41953124999999997 0.5388888888888889 0.034895833333333334 0.29074074074074074
10 0.6088541666666667 0.5393518518518519 0.03958333333333333 0.2898148148148148
10 0.7247395833333333 0.5486111111111112 0.044270833333333336 0.3194444444444445
11 0.7841145833333333 0.6574074074074074 0.03697916666666667 0.23333333333333334
9 0.30833333333333335 0.2675925925925926 0.053125 0.11111111111111112
5 0.7830729166666667 0.4013888888888889 0.050520833333333334 0.1175925925925926
8 0.425 0.25462962962962965 0.052083333333333336 0.11296296296296297
8 0.7239583333333334 0.24537037037037038 0.051041666666666666 0.11296296296296297
7 0.2505208333333333 0.4199074074074074 0.052083333333333336 0.11018518518518519
7 0.6 0.25416666666666665 0.052083333333333336 0.11944444444444445
