4 0.3325520833333333 0.48564814814814816 0.0515625 0.15462962962962964
4 0.571875 0.4703703703703704 0.051041666666666666 0.1462962962962963
0 0.20416666666666666 0.4513888888888889 0.053125 0.5861111111111111
0 0.4518229166666667 0.4430555555555556 0.049479166666666664 0.5953703703703704
1 0.6325520833333333 0.5162037037037037 0.05260416666666667 0.42314814814814816
1 0.7510416666666666 0.5087962962962963 0.053125 0.4342592592592593
10 0.20338541666666665 0.4759259259259259 0.04114583333333333 0.2611111111111111
10 0.44869791666666664 0.4851851851851852 0.04114583333333333 0.29074074074074074
11 0.7591145833333334 0.625 0.0265625 0.1851851851851852
9 0.20494791666666667 0.21574074074074076 0.0546875 0.11666666666666667
5 0.453125 0.2087962962962963 0.057291666666666664 0.1175925925925926
5 0.6333333333333333 0.3611111111111111 0.053125 0.10925925925925926
8 0.7510416666666666 0.3523148148148148 0.051041666666666666 0.1175925925925926
