3 0.47630208333333335 0.6152777777777778 0.044270833333333336 0.20833333333333334
0 0.28489583333333335 0.513425925925926 0.05625 0.6138888888888889
0 0.4067708333333333 0.5 0.057291666666666664 0.6074074074074074
0 0.58671875 0.4916666666666667 0.05364583333333333 0.5981481481481482
0 0.7106770833333333 0.4828703703703704 0.0546875 0.6027777777777777
1 0.22630208333333332 0.5930555555555556 0.0609375 0.4564814814814815
1 0.7684895833333333 0.5523148148148148 0.05260416666666667 0.44907407407407407
10 0.22473958333333333 0.6523148148148148 0.03697916666666667 0.2972222222222222
10 0.2895833333333333 0.5513888888888889 0.053125 0.30462962962962964
10 0.40572916666666664 0.5486111111111112 0.034375 0.30462962962962964
10 0.59375 0.5365740740740741 0.0375 0.28425925925925927
10 0.71171875 0.5407407407407407 0.03697916666666667 0.32222222222222224
11 0.7690104166666667 0.6550925925925927 0.0390625 0.23981481481481481
9 0.2838541666666667 0.2662037037037037 0.05416666666666667 0.11944444444444445
5 0.76796875 0.39166666666666666 0.050520833333333334 0.11666666666666667
8 0.40781249999999997 0.2513888888888889 0.05520833333333333 0.11388888888888889
8 0.7122395833333334 0.24074074074074076 0.0515625 0.11296296296296297
7 0.22604166666666667 0.4291666666666667 0.05625 0.11388888888888889
7 0.5875 0.25277777777777777 0.052083333333333336 0.12592592592592594
