0 0.09401041666666667 0.4388888888888889 0.0734375 0.625925925925926
0 0.23046875 0.42638888888888893 0.0609375 0.6287037037037038
0 0.3611979166666667 0.42453703703703705 0.057812499999999996 0.6157407407407408
1 0.48854166666666665 0.4986111111111111 0.06041666666666667 0.4527777777777778
1 0.54921875 0.49768518518518523 0.0546875 0.44537037037037036
1 0.6684895833333333 0.4912037037037037 0.0515625 0.437962962962963
9 0.09192708333333333 0.19444444444444445 0.06927083333333334 0.12592592592592594
9 0.48932291666666666 0.34305555555555556 0.0453125 0.12314814814814816
8 0.22682291666666665 0.17962962962962964 0.059895833333333336 0.13148148148148148
8 0.5533854166666666 0.34074074074074073 0.0546875 0.13703703703703704
6 0.35963541666666665 0.17731481481481481 0.058854166666666666 0.12314814814814816
5 0.6690104166666666 0.3388888888888889 0.06927083333333334 0.14814814814814814
10 0.09140625 0.4615740740740741 0.0515625 0.2601851851851852
10 0.23177083333333334 0.5125000000000001 0.04583333333333333 0.3731481481481482
10 0.36328125 0.4587962962962963 0.04739583333333333 0.26944444444444443
11 0.55625 0.6143518518518519 0.030208333333333334 0.20277777777777778
