0 0.12994791666666666 0.49583333333333335 0.05677083333333333 0.6324074074074074
1 0.20182291666666666 0.5675925925925926 0.0609375 0.48888888888888893
0 0.34322916666666664 0.4810185185185185 0.05625 0.6620370370370371
1 0.47994791666666664 0.5925925925925926 0.04739583333333333 0.45
4 0.40989583333333335 0.48703703703703705 0.05416666666666667 0.16481481481481483
0 0.54921875 0.5152777777777778 0.04635416666666667 0.6138888888888889
0 0.6161458333333333 0.5171296296296296 0.04583333333333333 0.6083333333333334
10 0.5408854166666667 0.5370370370370371 0.0328125 0.2777777777777778
10 0.19479166666666667 0.6402777777777778 0.029166666666666667 0.2916666666666667
10 0.6184895833333334 0.5453703703703704 0.04010416666666666 0.2796296296296296
3 0.67734375 0.5782407407407407 0.05364583333333333 0.3472222222222222
2 0.7453125 0.5824074074074075 0.053125 0.4777777777777778
9 0.20260416666666667 0.39305555555555555 0.06145833333333333 0.14351851851851852
8 0.34322916666666664 0.21851851851851853 0.057291666666666664 0.14074074074074075
7 0.7440104166666667 0.4064814814814815 0.05364583333333333 0.12962962962962962
11 0.33671875 0.638888888888889 0.030729166666666665 0.3425925925925926
