0 0.07239583333333333 0.45787037037037037 0.06770833333333333 0.737962962962963
1 0.15729166666666666 0.5347222222222222 0.078125 0.5787037037037037
0 0.3208333333333333 0.4277777777777778 0.06979166666666667 0.7814814814814816
4 0.4005208333333333 0.4273148148148148 0.06354166666666666 0.19166666666666668
1 0.48411458333333335 0.5467592592592593 0.05572916666666666 0.5194444444444445
0 0.5653645833333333 0.4467592592592593 0.05572916666666666 0.7138888888888889
0 0.6421875 0.44537037037037036 0.058333333333333334 0.7111111111111111
3 0.7130208333333333 0.5231481481481481 0.06041666666666667 0.40555555555555556
2 0.79140625 0.5212962962962964 0.058854166666666666 0.5555555555555556
10 0.15598958333333332 0.6217592592592592 0.03802083333333333 0.33611111111111114
11 0.321875 0.611574074074074 0.040625 0.4083333333333333
10 0.5591145833333333 0.47361111111111115 0.0484375 0.3212962962962963
10 0.6484375 0.4814814814814815 0.03958333333333333 0.3425925925925926
9 0.15729166666666666 0.32685185185185184 0.078125 0.1685185185185185
8 0.3203125 0.11712962962962964 0.06979166666666667 0.16574074074074074
7 0.79140625 0.3138888888888889 0.058854166666666666 0.1462962962962963
