10 0.09036458333333333 0.46111111111111114 0.0453125 0.3
10 0.24010416666666667 0.5087962962962963 0.05625 0.4046296296296297
10 0.39375 0.45555555555555555 0.051041666666666666 0.28703703703703703
0 0.08932291666666667 0.42824074074074076 0.0859375 0.6916666666666667
0 0.23671875 0.41620370370370374 0.07447916666666667 0.6916666666666667
0 0.3859375 0.4115740740740741 0.08020833333333333 0.6768518518518519
1 0.5231770833333333 0.4939814814814815 0.06302083333333333 0.4916666666666667
1 0.5924479166666666 0.4962962962962963 0.058854166666666666 0.48703703703703705
1 0.721875 0.4847222222222222 0.04895833333333333 0.487962962962963
9 0.08385416666666666 0.15972222222222224 0.06979166666666667 0.14166666666666666
9 0.51953125 0.31851851851851853 0.058854166666666666 0.13703703703703704
8 0.5890625 0.3189814814814815 0.052083333333333336 0.14166666666666666
8 0.2359375 0.15046296296296297 0.06770833333333333 0.13611111111111113
6 0.38255208333333335 0.14444444444444446 0.06927083333333334 0.14444444444444446
5 0.7278645833333334 0.3087962962962963 0.05572916666666666 0.14722222222222223
11 0.5973958333333333 0.6240740740740741 0.030208333333333334 0.21666666666666667
