4 0.31015625 0.5342592592592593 0.059895833333333336 0.1685185185185185
4 0.5640625 0.513425925925926 0.057291666666666664 0.15092592592592594
0 0.17135416666666667 0.4986111111111111 0.06145833333333333 0.6138888888888889
0 0.43723958333333335 0.48055555555555557 0.05364583333333333 0.6166666666666667
1 0.6294270833333333 0.5509259259259259 0.05364583333333333 0.4462962962962963
1 0.753125 0.549537037037037 0.057291666666666664 0.45092592592592595
10 0.17421875 0.5291666666666667 0.0453125 0.2712962962962963
10 0.4375 0.5328703703703704 0.04791666666666666 0.31574074074074077
11 0.7643229166666666 0.6731481481481482 0.022395833333333334 0.1925925925925926
9 0.1703125 0.25277777777777777 0.059375 0.12592592592592594
5 0.4359375 0.23796296296296296 0.053125 0.12592592592592594
5 0.6294270833333333 0.3893518518518519 0.05364583333333333 0.1212962962962963
8 0.7541666666666667 0.3819444444444445 0.05625 0.10833333333333334
