0 0.18255208333333334 0.49259259259259264 0.057812499999999996 0.7092592592592593
0 0.42161458333333335 0.45972222222222225 0.0671875 0.7527777777777778
0 0.7322916666666667 0.4847222222222222 0.057291666666666664 0.6972222222222223
1 0.2630208333333333 0.5638888888888889 0.071875 0.5518518518518519
1 0.5739583333333333 0.5842592592592593 0.053125 0.4981481481481482
2 0.8791666666666667 0.5527777777777778 0.06354166666666666 0.5537037037037037
4 0.34453125 0.513425925925926 0.059895833333333336 0.19907407407407407
4 0.4966145833333333 0.5027777777777778 0.0609375 0.1851851851851852
4 0.65078125 0.5046296296296297 0.058854166666666666 0.18888888888888888
11 0.4197916666666667 0.6541666666666667 0.03333333333333333 0.36203703703703705
10 0.2609375 0.6555555555555556 0.034375 0.32962962962962966
10 0.7390625 0.5194444444444445 0.035416666666666666 0.31666666666666665
9 0.2630208333333333 0.3666666666666667 0.06770833333333333 0.1537037037037037
8 0.42213541666666665 0.16574074074074074 0.06614583333333333 0.1574074074074074
7 0.8786458333333333 0.34814814814814815 0.06041666666666667 0.14074074074074075
