7 0.20104166666666667 0.42824074074074076 0.052083333333333336 0.11018518518518519
7 0.5333333333333333 0.27870370370370373 0.052083333333333336 0.11481481481481481
9 0.25755208333333335 0.2814814814814815 0.06197916666666667 0.11111111111111112
5 0.6958333333333333 0.40185185185185185 0.051041666666666666 0.10740740740740741
8 0.3734375 0.274537037037037 0.06458333333333333 0.1212962962962963
8 0.6411458333333333 0.26435185185185184 0.052083333333333336 0.1175925925925926
1 0.20364583333333333 0.587037037037037 0.058333333333333334 0.42592592592592593
1 0.6986979166666667 0.549537037037037 0.05260416666666667 0.4064814814814815
0 0.25807291666666665 0.5069444444444444 0.06302083333333333 0.5601851851851852
0 0.37083333333333335 0.500462962962963 0.06458333333333333 0.5638888888888889
0 0.5325520833333334 0.49583333333333335 0.05260416666666667 0.5453703703703704
0 0.6401041666666667 0.4828703703703704 0.05 0.5564814814814815
3 0.4322916666666667 0.6472222222222223 0.041666666666666664 0.2611111111111111
11 0.6971354166666667 0.6430555555555556 0.04114583333333333 0.21944444444444444
10 0.19427083333333334 0.6425925925925926 0.03333333333333333 0.24444444444444446
10 0.26197916666666665 0.5398148148148149 0.05520833333333333 0.22222222222222224
10 0.3614583333333333 0.5282407407407408 0.026041666666666668 0.24722222222222223
10 0.5416666666666666 0.5388888888888889 0.035416666666666666 0.2351851851851852
10 0.6455729166666666 0.5407407407407407 0.0453125 0.29814814814814816
