4 0.3015625 0.4847222222222222 0.053125 0.16574074074074074
4 0.559375 0.4708333333333333 0.051041666666666666 0.15833333333333333
0 0.16171875 0.4486111111111111 0.06197916666666667 0.6361111111111112
0 0.4309895833333333 0.437962962962963 0.0546875 0.6277777777777778
1 0.625 0.5125000000000001 0.053125 0.4601851851851852
1 0.75234375 0.5074074074074074 0.05364583333333333 0.45925925925925926
10 0.16432291666666665 0.48055555555555557 0.0453125 0.27592592592592596
10 0.43255208333333334 0.48333333333333334 0.049479166666666664 0.32407407407407407
11 0.7638020833333333 0.6310185185185185 0.027604166666666666 0.19722222222222224
9 0.16276041666666666 0.19490740740740742 0.06302083333333333 0.13611111111111113
5 0.4315104166666667 0.18564814814814815 0.0546875 0.13425925925925927
5 0.6265625 0.34351851851851856 0.051041666666666666 0.12222222222222223
8 0.75390625 0.337037037037037 0.05364583333333333 0.11851851851851852
