0 0.17109375 0.49212962962962964 0.06614583333333333 0.6138888888888889
0 0.3640625 0.5055555555555555 0.042708333333333334 0.5666666666666667
1 0.490625 0.5657407407407408 0.058333333333333334 0.4481481481481482
10 0.16354166666666667 0.5060185185185185 0.029166666666666667 0.25277777777777777
11 0.36223958333333334 0.6310185185185185 0.03177083333333333 0.3175925925925926
4 0.428125 0.5171296296296296 0.046875 0.1564814814814815
4 0.5533854166666666 0.525462962962963 0.049479166666666664 0.16203703703703703
4 0.6177083333333333 0.513888888888889 0.04791666666666666 0.15925925925925927
3 0.6763020833333333 0.5925925925925926 0.05260416666666667 0.32962962962962966
5 0.16953125 0.24722222222222223 0.059895833333333336 0.12962962962962962
8 0.4901041666666667 0.40092592592592596 0.05416666666666667 0.12407407407407407
