3 0.4713541666666667 0.6129629629629629 0.04479166666666667 0.20925925925925926
0 0.278125 0.500925925925926 0.0625 0.6240740740740741
0 0.4036458333333333 0.4912037037037037 0.06041666666666667 0.6231481481481481
0 0.5861979166666667 0.4828703703703704 0.059895833333333336 0.6157407407407408
0 0.7088541666666667 0.4712962962962963 0.05625 0.6166666666666667
1 0.21744791666666666 0.5833333333333334 0.057812499999999996 0.46111111111111114
1 0.7697916666666667 0.5513888888888889 0.05520833333333333 0.4601851851851852
10 0.21640625 0.638888888888889 0.03697916666666667 0.3
10 0.2794270833333333 0.5430555555555556 0.049479166666666664 0.3027777777777778
10 0.3989583333333333 0.5402777777777777 0.036458333333333336 0.31203703703703706
10 0.5903645833333333 0.5328703703703704 0.049479166666666664 0.2935185185185185
10 0.7065104166666667 0.5347222222222222 0.049479166666666664 0.3287037037037037
11 0.7692708333333333 0.6537037037037037 0.04479166666666667 0.2518518518518519
9 0.27578125 0.25462962962962965 0.05677083333333333 0.12407407407407407
5 0.77109375 0.3819444444444445 0.05260416666666667 0.1212962962962963
8 0.40182291666666664 0.24120370370370373 0.05677083333333333 0.11944444444444445
8 0.709375 0.22592592592592595 0.05 0.11666666666666667
7 0.21666666666666667 0.4175925925925926 0.059375 0.12407407407407407
7 0.5848958333333333 0.23935185185185187 0.05520833333333333 0.12314814814814816
