4 0.2984375 0.49444444444444446 0.04895833333333333 0.15
4 0.4197916666666667 0.48842592592592593 0.035416666666666666 0.14537037037037037
4 0.5440104166666666 0.4800925925925926 0.0359375 0.13611111111111113
7 0.175 0.3814814814814815 0.0625 0.12037037037037038
8 0.23567708333333334 0.21851851851851853 0.050520833333333334 0.11851851851851852
9 0.36302083333333335 0.3851851851851852 0.059375 0.1277777777777778
9 0.73515625 0.22314814814814815 0.059895833333333336 0.12407407407407407
5 0.4848958333333333 0.37592592592592594 0.05625 0.12222222222222223
5 0.6080729166666666 0.36435185185185187 0.05677083333333333 0.1212962962962963
1 0.17213541666666665 0.5412037037037037 0.05364583333333333 0.4342592592592593
1 0.35885416666666664 0.5388888888888889 0.053125 0.4314814814814815
1 0.48541666666666666 0.537962962962963 0.05520833333333333 0.4388888888888889
1 0.6080729166666666 0.5273148148148148 0.0609375 0.45462962962962966
0 0.24140625 0.46064814814814814 0.0671875 0.6027777777777777
0 0.7299479166666667 0.45046296296296295 0.050520833333333334 0.5898148148148148
11 0.16901041666666666 0.663425925925926 0.030729166666666665 0.19351851851851853
11 0.2375 0.6055555555555556 0.035416666666666666 0.3092592592592593
11 0.7302083333333333 0.5902777777777778 0.04583333333333333 0.3194444444444445
10 0.14479166666666665 0.6578703703703704 0.03333333333333333 0.18055555555555555
10 0.36432291666666666 0.6018518518518519 0.030729166666666665 0.2611111111111111
10 0.6111979166666667 0.6101851851851852 0.030729166666666665 0.26666666666666666
