3 0.4427083333333333 0.5425925925925926 0.03958333333333333 0.18888888888888888
0 0.26536458333333335 0.4398148148148148 0.05260416666666667 0.5777777777777778
0 0.38125 0.43194444444444446 0.053125 0.5675925925925926
0 0.5473958333333333 0.4222222222222222 0.052083333333333336 0.562962962962963
0 0.6622395833333333 0.41944444444444445 0.0484375 0.562962962962963
1 0.7161458333333334 0.487962962962963 0.04375 0.4203703703703704
1 0.20989583333333334 0.513425925925926 0.058333333333333334 0.4287037037037037
10 0.20703125 0.5648148148148149 0.033854166666666664 0.2777777777777778
10 0.2703125 0.47824074074074074 0.04479166666666667 0.28611111111111115
10 0.37838541666666664 0.4708333333333333 0.033854166666666664 0.28425925925925927
10 0.5549479166666667 0.4671296296296297 0.03697916666666667 0.27314814814814814
10 0.6622395833333333 0.475462962962963 0.0390625 0.30462962962962964
11 0.715625 0.5819444444444445 0.0375 0.22870370370370371
9 0.2630208333333333 0.2125 0.04791666666666666 0.11944444444444445
5 0.7177083333333333 0.33472222222222225 0.046875 0.11018518518518519
8 0.38125 0.2 0.051041666666666666 0.10925925925925926
8 0.66328125 0.1902777777777778 0.0453125 0.10462962962962963
7 0.20677083333333332 0.35833333333333334 0.052083333333333336 0.10925925925925926
7 0.5484375 0.20092592592592592 0.051041666666666666 0.10925925925925926
