4 0.2989583333333333 0.5453703703703704 0.05416666666666667 0.1814814814814815
4 0.5708333333333333 0.5259259259259259 0.05520833333333333 0.16666666666666669
0 0.14869791666666665 0.5125000000000001 0.06302083333333333 0.6787037037037037
0 0.4328125 0.4967592592592593 0.057291666666666664 0.6768518518518519
1 0.6408854166666667 0.5745370370370371 0.0609375 0.4861111111111111
1 0.7713541666666667 0.5657407407407408 0.06041666666666667 0.4759259259259259
10 0.15026041666666667 0.5416666666666667 0.049479166666666664 0.29444444444444445
10 0.4322916666666667 0.5453703703703704 0.04791666666666666 0.34074074074074073
11 0.7846354166666667 0.6990740740740741 0.024479166666666666 0.20925925925925926
9 0.14817708333333332 0.24444444444444446 0.06197916666666667 0.13333333333333333
5 0.4322916666666667 0.22870370370370371 0.06041666666666667 0.13703703703703704
5 0.63984375 0.39814814814814814 0.057812499999999996 0.12962962962962962
8 0.7736979166666667 0.3893518518518519 0.059895833333333336 0.13055555555555556
