4 0.28984375 0.5560185185185186 0.057812499999999996 0.1787037037037037
4 0.58046875 0.5370370370370371 0.05260416666666667 0.17777777777777778
0 0.13671875 0.5203703703703704 0.06614583333333333 0.7111111111111111
0 0.43671875 0.5027777777777778 0.0609375 0.712962962962963
1 0.6544270833333333 0.5884259259259259 0.06302083333333333 0.513888888888889
1 0.79296875 0.5861111111111111 0.0609375 0.5092592592592593
10 0.134375 0.5458333333333334 0.04479166666666667 0.31203703703703706
10 0.43671875 0.5537037037037037 0.0546875 0.3592592592592593
11 0.8065104166666667 0.7287037037037037 0.025520833333333333 0.22037037037037038
9 0.13619791666666667 0.23564814814814816 0.0671875 0.14537037037037037
5 0.43697916666666664 0.22175925925925927 0.06041666666666667 0.15092592592592594
5 0.65390625 0.40046296296296297 0.06197916666666667 0.13796296296296298
8 0.7950520833333333 0.39583333333333337 0.0640625 0.13425925925925927
