4 0.22526041666666666 0.5375 0.058854166666666666 0.17685185185185187
4 0.49635416666666665 0.513888888888889 0.05625 0.1537037037037037
0 0.07213541666666666 0.5055555555555555 0.06510416666666667 0.6703703703703704
0 0.35625 0.4842592592592593 0.06145833333333333 0.6666666666666667
1 0.5666666666666667 0.5597222222222222 0.06041666666666667 0.48240740740740745
1 0.6984375 0.5583333333333333 0.057291666666666664 0.47962962962962963
10 0.07604166666666666 0.5296296296296297 0.04375 0.29074074074074074
10 0.36223958333333334 0.5328703703703704 0.05364583333333333 0.33240740740740743
11 0.70703125 0.6837962962962963 0.025520833333333333 0.21203703703703705
9 0.0734375 0.23611111111111113 0.065625 0.13148148148148148
5 0.3578125 0.21666666666666667 0.059375 0.13148148148148148
5 0.5677083333333334 0.3875 0.058333333333333334 0.13425925925925927
8 0.69921875 0.3800925925925926 0.05677083333333333 0.11944444444444445
