3 0.3697916666666667 0.6166666666666667 0.046875 0.22037037037037038
0 0.14895833333333333 0.49768518518518523 0.06979166666666667 0.7027777777777778
0 0.2942708333333333 0.48564814814814816 0.06354166666666666 0.6935185185185185
0 0.49635416666666665 0.47962962962962963 0.06145833333333333 0.662962962962963
0 0.6268229166666667 0.4726851851851852 0.058854166666666666 0.6527777777777778
1 0.6888020833333334 0.5513888888888889 0.0546875 0.47870370370370374
1 0.07682291666666667 0.5967592592592593 0.06927083333333334 0.5305555555555556
10 0.07760416666666667 0.6597222222222222 0.046875 0.3509259259259259
10 0.153125 0.5472222222222223 0.0625 0.3462962962962963
10 0.290625 0.5412037037037037 0.03958333333333333 0.33796296296296297
10 0.50390625 0.5337962962962963 0.04114583333333333 0.3194444444444445
10 0.62578125 0.5356481481481482 0.04635416666666667 0.3453703703703704
11 0.6875 0.6615740740740741 0.041666666666666664 0.25833333333333336
9 0.14765625 0.2199074074074074 0.06822916666666666 0.14351851851851852
5 0.6885416666666666 0.3787037037037037 0.052083333333333336 0.12962962962962962
8 0.29375 0.21064814814814817 0.06458333333333333 0.1287037037037037
8 0.6276041666666666 0.20925925925925926 0.05625 0.12592592592592594
7 0.4942708333333333 0.21851851851851853 0.06041666666666667 0.13148148148148148
7 0.078125 0.4013888888888889 0.06666666666666667 0.13611111111111113
