10 0.22916666666666666 0.46481481481481485 0.06770833333333333 0.26666666666666666
10 0.4888020833333333 0.47361111111111115 0.044270833333333336 0.2601851851851852
0 0.15286458333333333 0.42453703703703705 0.07135416666666666 0.6453703703703704
0 0.22265625 0.43333333333333335 0.06614583333333333 0.6537037037037037
0 0.3494791666666667 0.425462962962963 0.05625 0.6620370370370371
0 0.4770833333333333 0.4222222222222222 0.059375 0.6407407407407407
1 0.7302083333333333 0.49953703703703706 0.05520833333333333 0.48240740740740745
9 0.146875 0.16898148148148148 0.06770833333333333 0.13425925925925927
9 0.21875 0.16666666666666669 0.06041666666666667 0.12962962962962962
9 0.7294270833333333 0.32222222222222224 0.06927083333333334 0.13518518518518519
8 0.34453125 0.15555555555555556 0.0546875 0.12592592592592594
7 0.475 0.16620370370370371 0.057291666666666664 0.1287037037037037
11 0.16328125 0.5722222222222223 0.05572916666666666 0.35555555555555557
11 0.7328125 0.5995370370370371 0.03854166666666667 0.275
