4 0.30572916666666666 0.5291666666666667 0.04583333333333333 0.13796296296296298
4 0.5174479166666667 0.5189814814814815 0.044270833333333336 0.12685185185185185
0 0.19401041666666666 0.4949074074074074 0.0515625 0.5046296296296297
0 0.41510416666666666 0.49074074074074076 0.04375 0.5148148148148148
1 0.5736979166666667 0.5611111111111111 0.04635416666666667 0.3740740740740741
1 0.6763020833333333 0.5648148148148149 0.049479166666666664 0.3740740740740741
10 0.19713541666666667 0.5199074074074074 0.03697916666666667 0.23055555555555557
10 0.41640625 0.5319444444444444 0.03697916666666667 0.25462962962962965
11 0.6794270833333333 0.6666666666666667 0.022395833333333334 0.1574074074074074
9 0.19895833333333332 0.287962962962963 0.05 0.09444444444444444
5 0.4153645833333333 0.28750000000000003 0.0453125 0.10462962962962963
5 0.5736979166666667 0.4203703703703704 0.04635416666666667 0.1
8 0.678125 0.42314814814814816 0.04895833333333333 0.09814814814814815
