3 0.40234375 0.6375000000000001 0.04635416666666667 0.20462962962962963
0 0.19635416666666666 0.5236111111111111 0.06145833333333333 0.6435185185185185
0 0.3296875 0.5152777777777778 0.0625 0.6453703703703704
0 0.5182291666666666 0.5087962962962963 0.058333333333333334 0.625
0 0.64375 0.4981481481481482 0.05416666666666667 0.625925925925926
1 0.13385416666666666 0.6129629629629629 0.06354166666666666 0.48703703703703705
1 0.70546875 0.5740740740740741 0.0515625 0.46296296296296297
10 0.13098958333333333 0.6712962962962963 0.0390625 0.31666666666666665
10 0.20104166666666667 0.5689814814814815 0.057291666666666664 0.3194444444444445
10 0.3265625 0.5601851851851852 0.03958333333333333 0.31666666666666665
10 0.5265625 0.5518518518518519 0.03958333333333333 0.3
10 0.6453125 0.5578703703703703 0.04895833333333333 0.33611111111111114
11 0.7059895833333333 0.6791666666666667 0.04739583333333333 0.24722222222222223
9 0.19557291666666665 0.26805555555555555 0.059895833333333336 0.11944444444444445
5 0.7049479166666667 0.40694444444444444 0.05364583333333333 0.12685185185185185
8 0.3286458333333333 0.2564814814814815 0.0625 0.12222222222222223
8 0.6455729166666666 0.25277777777777777 0.05572916666666666 0.12592592592592594
7 0.13411458333333334 0.4361111111111111 0.06302083333333333 0.12222222222222223
7 0.5174479166666667 0.25972222222222224 0.057812499999999996 0.12685185185185185
