1 0.19036458333333334 0.6129629629629629 0.06614583333333333 0.5240740740740741
1 0.33229166666666665 0.6055555555555556 0.0625 0.5240740740740741
1 0.46953125 0.5990740740740741 0.06197916666666667 0.5240740740740741
0 0.60546875 0.524537037037037 0.0546875 0.6546296296296297
1 0.74296875 0.5884259259259259 0.0609375 0.5175925925925926
0 0.8153645833333333 0.5148148148148148 0.05572916666666666 0.6462962962962964
7 0.19010416666666666 0.42314814814814816 0.06770833333333333 0.14814814814814814
5 0.33177083333333335 0.4152777777777778 0.06145833333333333 0.14722222222222223
6 0.46953125 0.4101851851851852 0.059895833333333336 0.1462962962962963
8 0.7434895833333334 0.4013888888888889 0.06197916666666667 0.14351851851851852
10 0.19869791666666667 0.6935185185185185 0.0453125 0.27222222222222225
10 0.8322916666666667 0.5717592592592593 0.015625 0.14907407407407408
11 0.471875 0.7175925925925927 0.04895833333333333 0.2833333333333333
11 0.6067708333333334 0.6546296296296297 0.05 0.3944444444444445
11 0.7419270833333333 0.7222222222222222 0.04739583333333333 0.2425925925925926
