9 0.09765625 0.25092592592592594 0.07239583333333333 0.1462962962962963
5 0.4075520833333333 0.23472222222222222 0.0671875 0.1398148148148148
5 0.6283854166666667 0.41712962962962963 0.059895833333333336 0.13425925925925927
8 0.76796875 0.40972222222222227 0.06197916666666667 0.13425925925925927
0 0.09635416666666667 0.537962962962963 0.06979166666666667 0.7222222222222222
0 0.40781249999999997 0.5291666666666667 0.06354166666666666 0.7287037037037037
1 0.6260416666666666 0.6055555555555556 0.057291666666666664 0.5166666666666667
1 0.7666666666666666 0.5925925925925926 0.06041666666666667 0.5037037037037038
10 0.10078125 0.575925925925926 0.0515625 0.31851851851851853
10 0.4106770833333333 0.5745370370370371 0.057812499999999996 0.3601851851851852
4 0.2596354166666667 0.575925925925926 0.057812499999999996 0.18703703703703706
4 0.5546875 0.5509259259259259 0.05520833333333333 0.18333333333333335
11 0.7802083333333333 0.7282407407407407 0.026041666666666668 0.21944444444444444
