4 0.3325520833333333 0.48842592592592593 0.05260416666666667 0.17314814814814816
4 0.5942708333333333 0.47222222222222227 0.04791666666666666 0.16296296296296298
0 0.20364583333333333 0.4550925925925926 0.05520833333333333 0.625
0 0.465625 0.4444444444444445 0.05520833333333333 0.6314814814814815
1 0.6614583333333334 0.5208333333333334 0.05416666666666667 0.4620370370370371
1 0.7875 0.5185185185185185 0.057291666666666664 0.45925925925925926
10 0.20234375 0.4791666666666667 0.043229166666666666 0.2675925925925926
10 0.4666666666666667 0.49768518518518523 0.052083333333333336 0.3287037037037037
10 0.7958333333333333 0.6449074074074075 0.02395833333333333 0.18611111111111112
9 0.20520833333333333 0.20185185185185187 0.057291666666666664 0.1277777777777778
5 0.46510416666666665 0.19444444444444445 0.04791666666666666 0.13148148148148148
5 0.6609375 0.3527777777777778 0.053125 0.11666666666666667
8 0.7869791666666667 0.3513888888888889 0.05625 0.12314814814814816
