4 0.3263020833333333 0.5527777777777778 0.058854166666666666 0.17592592592592593
4 0.6018229166666667 0.5370370370370371 0.05677083333333333 0.1685185185185185
0 0.18046875 0.5194444444444445 0.06510416666666667 0.6648148148148149
0 0.46328125 0.5055555555555555 0.058854166666666666 0.6796296296296297
1 0.6744791666666666 0.5865740740740741 0.06145833333333333 0.49722222222222223
1 0.8117187499999999 0.5837962962962964 0.0640625 0.49722222222222223
10 0.18046875 0.5472222222222223 0.044270833333333336 0.2925925925925926
10 0.46328125 0.5518518518518519 0.050520833333333334 0.3388888888888889
11 0.8247395833333333 0.7199074074074074 0.0296875 0.2138888888888889
9 0.18125 0.2513888888888889 0.06145833333333333 0.1398148148148148
5 0.4640625 0.23333333333333334 0.0625 0.14074074074074075
5 0.67578125 0.4 0.05677083333333333 0.13333333333333333
8 0.8135416666666666 0.3939814814814815 0.06041666666666667 0.13055555555555556
