7 0.20703125 0.3768518518518519 0.0546875 0.11481481481481481
7 0.5270833333333333 0.22546296296296298 0.052083333333333336 0.12314814814814816
9 0.2598958333333333 0.23750000000000002 0.06354166666666666 0.11388888888888889
8 0.3690104166666667 0.22592592592592595 0.0609375 0.11851851851851852
8 0.64140625 0.2162037037037037 0.05572916666666666 0.11388888888888889
5 0.696875 0.3564814814814815 0.05520833333333333 0.12592592592592594
1 0.20677083333333332 0.5282407407407408 0.05416666666666667 0.41574074074074074
1 0.7036458333333333 0.5069444444444444 0.06145833333333333 0.42314814814814816
0 0.2565104166666667 0.45462962962962966 0.058854166666666666 0.5537037037037037
0 0.36953125 0.44583333333333336 0.06302083333333333 0.5657407407407408
0 0.53046875 0.4476851851851852 0.06197916666666667 0.5675925925925926
0 0.64296875 0.4467592592592593 0.05364583333333333 0.5601851851851852
3 0.43385416666666665 0.5986111111111111 0.057291666666666664 0.27314814814814814
3 0.7020833333333333 0.6041666666666667 0.03958333333333333 0.225
10 0.20026041666666666 0.5888888888888889 0.030729166666666665 0.22777777777777777
10 0.26458333333333334 0.48703703703703705 0.05416666666666667 0.23148148148148148
10 0.35885416666666664 0.4759259259259259 0.021875 0.22592592592592595
10 0.5393229166666667 0.4967592592592593 0.04010416666666666 0.25092592592592594
10 0.6442708333333333 0.4962962962962963 0.0375 0.312962962962963
