4 0.33307291666666666 0.5125000000000001 0.05572916666666666 0.1638888888888889
4 0.584375 0.5013888888888889 0.04791666666666666 0.15092592592592594
0 0.20364583333333333 0.4759259259259259 0.05416666666666667 0.6074074074074074
0 0.459375 0.47175925925925927 0.053125 0.6194444444444445
1 0.6486979166666667 0.5462962962962963 0.05364583333333333 0.4518518518518519
1 0.7708333333333334 0.5421296296296296 0.053125 0.4527777777777778
10 0.20416666666666666 0.5069444444444444 0.042708333333333334 0.275
10 0.46015625 0.5194444444444445 0.049479166666666664 0.3092592592592593
11 0.78203125 0.6662037037037037 0.0234375 0.18796296296296297
9 0.20390624999999998 0.23657407407407408 0.057812499999999996 0.1287037037037037
5 0.4614583333333333 0.225 0.05416666666666667 0.13333333333333333
5 0.64921875 0.3861111111111111 0.0515625 0.12407407407407407
8 0.7697916666666667 0.3819444444444445 0.05520833333333333 0.12314814814814816
