1 0.21979166666666666 0.6467592592592593 0.065625 0.5120370370370371
1 0.35520833333333335 0.6356481481481482 0.065625 0.5175925925925926
1 0.49244791666666665 0.6268518518518519 0.06302083333333333 0.5240740740740741
0 0.6294270833333333 0.5513888888888889 0.06614583333333333 0.6638888888888889
1 0.771875 0.612037037037037 0.065625 0.5222222222222223
0 0.8481770833333333 0.5393518518518519 0.05677083333333333 0.6675925925925926
7 0.21875 0.45740740740740743 0.065625 0.1425925925925926
5 0.3533854166666667 0.44953703703703707 0.0640625 0.14537037037037037
6 0.49192708333333335 0.437962962962963 0.06197916666666667 0.1462962962962963
8 0.7721354166666666 0.4226851851851852 0.0640625 0.14722222222222223
10 0.23098958333333333 0.725925925925926 0.043229166666666666 0.2777777777777778
10 0.8661458333333333 0.5925925925925926 0.01875 0.15185185185185185
11 0.496875 0.75 0.05 0.2851851851851852
11 0.634375 0.6810185185185186 0.05625 0.4083333333333333
11 0.7755208333333333 0.7490740740740741 0.051041666666666666 0.24814814814814815
