5 0.7442708333333333 0.3740740740740741 0.06145833333333333 0.13148148148148148
0 0.14661458333333333 0.4902777777777778 0.07552083333333333 0.6416666666666667
0 0.28463541666666664 0.48055555555555557 0.06822916666666666 0.6462962962962964
0 0.4205729166666667 0.4703703703703704 0.06302083333333333 0.6314814814814815
1 0.5497395833333333 0.5486111111111112 0.0609375 0.4564814814814815
1 0.6171875 0.5462962962962963 0.06145833333333333 0.45555555555555555
1 0.7416666666666667 0.5370370370370371 0.0625 0.46481481481481485
9 0.14817708333333332 0.23796296296296296 0.0734375 0.13703703703703704
9 0.5510416666666667 0.3851851851851852 0.059375 0.12962962962962962
8 0.2833333333333333 0.2263888888888889 0.07395833333333333 0.13611111111111113
8 0.6177083333333333 0.38101851851851853 0.06041666666666667 0.13796296296296298
6 0.41796875 0.2152777777777778 0.06197916666666667 0.13796296296296298
10 0.146875 0.5208333333333334 0.042708333333333334 0.27870370370370373
10 0.29140625 0.5611111111111111 0.0515625 0.362962962962963
10 0.42473958333333334 0.500462962962963 0.03697916666666667 0.2712962962962963
11 0.6208333333333333 0.6731481481481482 0.029166666666666667 0.20370370370370372
