4 0.32447916666666665 0.537962962962963 0.04895833333333333 0.13518518518518519
4 0.5375 0.5310185185185186 0.04791666666666666 0.12685185185185185
0 0.21666666666666667 0.5083333333333333 0.051041666666666666 0.5166666666666667
0 0.43333333333333335 0.5018518518518519 0.04583333333333333 0.5092592592592593
1 0.59140625 0.5675925925925926 0.0484375 0.3685185185185185
1 0.6958333333333333 0.5671296296296297 0.05 0.375
10 0.21562499999999998 0.5319444444444444 0.034375 0.22685185185185186
10 0.4341145833333333 0.5449074074074074 0.04114583333333333 0.2638888888888889
11 0.6997395833333333 0.6703703703703704 0.021354166666666667 0.16296296296296298
9 0.21614583333333334 0.3050925925925926 0.046875 0.10092592592592593
5 0.4341145833333333 0.2967592592592593 0.044270833333333336 0.10277777777777779
5 0.5911458333333334 0.4328703703703704 0.042708333333333334 0.09722222222222222
8 0.6971354166666667 0.43333333333333335 0.0515625 0.10185185185185186
