0 0.11380208333333333 0.44953703703703707 0.07552083333333333 0.5972222222222222
0 0.24140625 0.4416666666666667 0.0703125 0.5962962962962963
0 0.36223958333333334 0.4439814814814815 0.050520833333333334 0.5768518518518518
1 0.4828125 0.5162037037037037 0.059375 0.4138888888888889
1 0.5447916666666667 0.5148148148148148 0.046875 0.4222222222222222
1 0.6518229166666667 0.5046296296296297 0.05260416666666667 0.42592592592592593
9 0.11197916666666667 0.2162037037037037 0.06875 0.13240740740740742
9 0.47994791666666664 0.3625 0.05364583333333333 0.1175925925925926
8 0.23984375 0.2138888888888889 0.058854166666666666 0.13703703703703704
8 0.5434895833333333 0.3597222222222222 0.04635416666666667 0.11203703703703705
6 0.3651041666666667 0.20555555555555557 0.052083333333333336 0.11851851851851852
5 0.6559895833333333 0.35879629629629634 0.06302083333333333 0.13055555555555556
10 0.11067708333333333 0.47870370370370374 0.044270833333333336 0.2555555555555556
10 0.24348958333333334 0.5194444444444445 0.05260416666666667 0.32962962962962966
10 0.36692708333333335 0.4791666666666667 0.04635416666666667 0.24351851851851852
11 0.5442708333333334 0.6245370370370371 0.026041666666666668 0.18796296296296297
