0 0.16015625 0.4902777777777778 0.06197916666666667 0.6342592592592593
0 0.2953125 0.4898148148148148 0.0625 0.6333333333333333
0 0.4283854166666667 0.4902777777777778 0.059895833333333336 0.6342592592592593
0 0.5606770833333333 0.5125000000000001 0.04635416666666667 0.5898148148148148
0 0.6989583333333333 0.48703703703703705 0.05520833333333333 0.6407407407407407
10 0.1515625 0.4967592592592593 0.028125 0.225
10 0.43515624999999997 0.5518518518518519 0.0421875 0.2777777777777778
10 0.6942708333333333 0.5194444444444445 0.036458333333333336 0.27592592592592596
11 0.5611979166666666 0.6393518518518518 0.030729166666666665 0.33055555555555555
5 0.159375 0.24027777777777778 0.06041666666666667 0.13796296296296298
6 0.29453125 0.24074074074074076 0.059895833333333336 0.1388888888888889
7 0.4278645833333333 0.24166666666666667 0.059895833333333336 0.13703703703703704
8 0.6984375 0.22592592592592595 0.057291666666666664 0.1277777777777778
