4 0.30859375 0.5476851851851852 0.05572916666666666 0.18055555555555555
4 0.5854166666666667 0.5319444444444444 0.05625 0.1675925925925926
0 0.16145833333333334 0.5101851851851852 0.065625 0.6703703703703704
0 0.4458333333333333 0.4962962962962963 0.06145833333333333 0.6814814814814815
1 0.65625 0.5814814814814815 0.057291666666666664 0.49259259259259264
1 0.7924479166666667 0.5777777777777778 0.058854166666666666 0.49444444444444446
10 0.16145833333333334 0.5435185185185185 0.04375 0.3
10 0.44687499999999997 0.5513888888888889 0.04791666666666666 0.34351851851851856
11 0.8033854166666666 0.7199074074074074 0.0265625 0.20833333333333334
9 0.16119791666666666 0.23981481481481481 0.06510416666666667 0.1388888888888889
5 0.44817708333333334 0.23101851851851854 0.05572916666666666 0.13611111111111113
5 0.6572916666666666 0.40092592592592596 0.05416666666666667 0.13148148148148148
8 0.7932291666666667 0.3939814814814815 0.057291666666666664 0.13055555555555556
