3 0.4765625 0.600925925925926 0.046875 0.20370370370370372
0 0.28984375 0.4953703703703704 0.059895833333333336 0.6111111111111112
0 0.41015625 0.4865740740740741 0.05572916666666666 0.6083333333333334
0 0.5877604166666667 0.48055555555555557 0.0546875 0.6018518518518519
0 0.71484375 0.47314814814814815 0.05260416666666667 0.6111111111111112
1 0.22708333333333333 0.5745370370370371 0.05520833333333333 0.44907407407407407
1 0.7739583333333333 0.5476851851851852 0.057291666666666664 0.44351851851851853
10 0.22916666666666666 0.6319444444444444 0.036458333333333336 0.30462962962962964
10 0.29140625 0.5365740740740741 0.0515625 0.2953703703703704
10 0.40781249999999997 0.5305555555555556 0.035416666666666666 0.30185185185185187
10 0.5971354166666667 0.5296296296296297 0.0359375 0.2851851851851852
10 0.7135416666666666 0.5347222222222222 0.04895833333333333 0.3287037037037037
11 0.77421875 0.6523148148148148 0.04114583333333333 0.24351851851851852
9 0.28802083333333334 0.250462962962963 0.05625 0.1175925925925926
5 0.7731770833333333 0.3842592592592593 0.05364583333333333 0.12222222222222223
8 0.41015625 0.24074074074074076 0.05364583333333333 0.11296296296296297
8 0.7161458333333334 0.22916666666666669 0.05520833333333333 0.11203703703703705
7 0.23020833333333332 0.40972222222222227 0.05625 0.11388888888888889
7 0.5888020833333333 0.24120370370370373 0.0515625 0.11944444444444445
