3 0.41302083333333334 0.625 0.041666666666666664 0.21851851851851853
0 0.21171874999999998 0.512962962962963 0.06302083333333333 0.6481481481481481
0 0.34453125 0.49953703703703706 0.058854166666666666 0.6435185185185185
0 0.5322916666666666 0.4930555555555556 0.06041666666666667 0.6268518518518519
0 0.6567708333333333 0.4842592592592593 0.058333333333333334 0.6240740740740741
1 0.7171875 0.5615740740740741 0.05625 0.45092592592592595
1 0.14895833333333333 0.5944444444444444 0.06354166666666666 0.48703703703703705
10 0.14661458333333333 0.6527777777777778 0.04010416666666666 0.3111111111111111
10 0.21536458333333333 0.5527777777777778 0.05572916666666666 0.3111111111111111
10 0.340625 0.549537037037037 0.03854166666666667 0.3212962962962963
10 0.5388020833333333 0.5412037037037037 0.04739583333333333 0.30462962962962964
10 0.6565104166666667 0.5453703703703704 0.0453125 0.337037037037037
11 0.7182291666666667 0.663425925925926 0.04479166666666667 0.25092592592592594
9 0.21041666666666667 0.25462962962962965 0.0625 0.13148148148148148
5 0.7177083333333333 0.39305555555555555 0.05416666666666667 0.12314814814814816
8 0.34401041666666665 0.2439814814814815 0.058854166666666666 0.11944444444444445
8 0.6575520833333334 0.23657407407407408 0.0546875 0.11944444444444445
7 0.53203125 0.24305555555555555 0.058854166666666666 0.13240740740740742
7 0.14739583333333334 0.4217592592592593 0.06041666666666667 0.1287037037037037
