1 0.1671875 0.5708333333333333 0.06458333333333333 0.44722222222222224
1 0.3997395833333333 0.563425925925926 0.0546875 0.42685185185185187
1 0.6270833333333333 0.549074074074074 0.06041666666666667 0.4314814814814815
2 0.29010416666666666 0.5662037037037038 0.05 0.4305555555555556
0 0.5114583333333333 0.48333333333333334 0.058333333333333334 0.5722222222222223
7 0.16666666666666666 0.41250000000000003 0.06354166666666666 0.12314814814814816
7 0.28802083333333334 0.4078703703703704 0.04791666666666666 0.11944444444444445
8 0.5114583333333333 0.250462962962963 0.05416666666666667 0.11203703703703705
8 0.6265625 0.3944444444444445 0.059375 0.11666666666666667
9 0.4002604166666667 0.4027777777777778 0.05572916666666666 0.11481481481481481
11 0.17526041666666667 0.763425925925926 0.049479166666666664 0.06018518518518519
11 0.5169270833333334 0.6046296296296296 0.04739583333333333 0.33333333333333337
11 0.6291666666666667 0.6578703703703704 0.04479166666666667 0.20462962962962963
