0 0.12265625 0.47175925925925927 0.06197916666666667 0.6935185185185185
1 0.203125 0.5421296296296296 0.07291666666666667 0.5361111111111111
0 0.35442708333333334 0.437962962962963 0.06614583333333333 0.7351851851851852
4 0.43333333333333335 0.4412037037037037 0.058333333333333334 0.1824074074074074
1 0.50859375 0.5569444444444445 0.0546875 0.5064814814814815
0 0.5848958333333333 0.46064814814814814 0.052083333333333336 0.6861111111111111
0 0.659375 0.45555555555555555 0.053125 0.6851851851851852
3 0.7315104166666666 0.5259259259259259 0.0546875 0.3925925925925926
2 0.8098958333333334 0.524537037037037 0.06145833333333333 0.5416666666666667
10 0.19947916666666665 0.6245370370370371 0.035416666666666666 0.3287037037037037
11 0.3533854166666667 0.6143518518518519 0.03697916666666667 0.3805555555555556
10 0.5776041666666667 0.4861111111111111 0.04375 0.3055555555555556
10 0.6671875 0.4953703703703704 0.0375 0.3277777777777778
9 0.20208333333333334 0.35000000000000003 0.06979166666666667 0.15185185185185185
8 0.3541666666666667 0.1449074074074074 0.06458333333333333 0.1564814814814815
7 0.81015625 0.32592592592592595 0.059895833333333336 0.14444444444444446
