10 0.45026041666666666 0.5041666666666667 0.04635416666666667 0.31203703703703706
10 0.2994791666666667 0.5550925925925926 0.057291666666666664 0.38981481481481484
10 0.14296875 0.5050925925925926 0.0453125 0.3101851851851852
0 0.14609375 0.47314814814814815 0.07447916666666667 0.6944444444444444
0 0.29375 0.46620370370370373 0.07291666666666667 0.6935185185185185
0 0.4419270833333333 0.4601851851851852 0.06302083333333333 0.7074074074074075
1 0.5828125 0.55 0.06770833333333333 0.512962962962963
1 0.65390625 0.5509259259259259 0.05677083333333333 0.5037037037037038
1 0.7940104166666666 0.5439814814814815 0.06197916666666667 0.5101851851851852
9 0.14296875 0.20046296296296298 0.07552083333333333 0.14907407407407408
9 0.58125 0.3648148148148148 0.058333333333333334 0.1462962962962963
8 0.2895833333333333 0.19305555555555556 0.078125 0.14907407407407408
8 0.6546875 0.3652777777777778 0.05416666666666667 0.14166666666666666
6 0.44140625 0.18935185185185185 0.07760416666666667 0.14537037037037037
5 0.796875 0.36712962962962964 0.065625 0.14722222222222223
11 0.6580729166666667 0.6888888888888889 0.030729166666666665 0.23333333333333334
