0 0.11171874999999999 0.44212962962962965 0.06822916666666666 0.5916666666666667
0 0.23906249999999998 0.4342592592592593 0.06041666666666667 0.5833333333333334
0 0.3640625 0.4273148148148148 0.057291666666666664 0.5731481481481482
1 0.48359375 0.5046296296296297 0.057812499999999996 0.4222222222222222
1 0.5466145833333333 0.5050925925925926 0.0546875 0.42129629629629634
1 0.6580729166666667 0.5023148148148149 0.06197916666666667 0.41574074074074074
9 0.10989583333333333 0.2064814814814815 0.06979166666666667 0.11666666666666667
9 0.484375 0.3574074074074074 0.05625 0.11296296296296297
8 0.24088541666666666 0.2050925925925926 0.057812499999999996 0.13796296296296298
8 0.5481770833333334 0.3574074074074074 0.05364583333333333 0.12222222222222223
6 0.3645833333333333 0.2064814814814815 0.053125 0.14074074074074075
5 0.66015625 0.3550925925925926 0.06927083333333334 0.12685185185185185
10 0.10911458333333333 0.46805555555555556 0.044270833333333336 0.2601851851851852
10 0.24270833333333333 0.5111111111111112 0.04791666666666666 0.3351851851851852
10 0.3645833333333333 0.4675925925925926 0.03958333333333333 0.2388888888888889
11 0.54765625 0.6134259259259259 0.021354166666666667 0.18611111111111112
