4 0.2700520833333333 0.525462962962963 0.06197916666666667 0.1953703703703704
4 0.5580729166666667 0.5013888888888889 0.05677083333333333 0.18055555555555555
0 0.10781249999999999 0.48194444444444445 0.065625 0.7101851851851853
0 0.41484375 0.4652777777777778 0.06510416666666667 0.6972222222222223
1 0.6315104166666666 0.5523148148148148 0.059895833333333336 0.5120370370370371
1 0.76875 0.5462962962962963 0.06041666666666667 0.5037037037037038
10 0.10963541666666667 0.5185185185185185 0.050520833333333334 0.3111111111111111
10 0.4171875 0.5208333333333334 0.052083333333333336 0.35462962962962963
11 0.78125 0.6833333333333333 0.03125 0.21666666666666667
9 0.10989583333333333 0.19583333333333333 0.06666666666666667 0.13796296296296298
5 0.4158854166666667 0.18564814814814815 0.06302083333333333 0.14351851851851852
5 0.6341145833333334 0.3662037037037037 0.0609375 0.1287037037037037
8 0.7684895833333333 0.3611111111111111 0.059895833333333336 0.13518518518518519
