3 0.4453125 0.5314814814814816 0.041666666666666664 0.1925925925925926
0 0.27291666666666664 0.4328703703703704 0.051041666666666666 0.5546296296296297
0 0.38255208333333335 0.42453703703703705 0.044270833333333336 0.5638888888888889
0 0.5484375 0.4185185185185185 0.053125 0.5444444444444445
0 0.65859375 0.41111111111111115 0.04635416666666667 0.55
1 0.7114583333333333 0.4791666666666667 0.04791666666666666 0.4101851851851852
1 0.21875 0.5046296296296297 0.05520833333333333 0.42592592592592593
10 0.21640625 0.5583333333333333 0.0328125 0.27037037037037037
10 0.27630208333333334 0.4708333333333333 0.044270833333333336 0.2712962962962963
10 0.3809895833333333 0.4675925925925926 0.033854166666666664 0.2777777777777778
10 0.5552083333333333 0.4587962962962963 0.03958333333333333 0.26203703703703707
10 0.659375 0.4671296296296297 0.03958333333333333 0.2916666666666667
11 0.7119791666666666 0.5731481481481482 0.03854166666666667 0.22222222222222224
9 0.27317708333333335 0.2125 0.050520833333333334 0.11018518518518519
5 0.7109375 0.33101851851851855 0.04375 0.11203703703703705
8 0.3828125 0.2 0.04791666666666666 0.10925925925925926
8 0.6580729166666667 0.19398148148148148 0.0453125 0.10648148148148148
7 0.21901041666666665 0.3513888888888889 0.049479166666666664 0.11018518518518519
7 0.5473958333333333 0.20185185185185187 0.04791666666666666 0.11666666666666667
