0 0.05963541666666666 0.5222222222222223 0.08802083333333333 0.7277777777777779
0 0.29192708333333334 0.5027777777777778 0.07552083333333333 0.7333333333333334
0 0.5869791666666666 0.4930555555555556 0.075 0.7194444444444444
1 0.14609375 0.6134259259259259 0.0796875 0.5305555555555556
1 0.4395833333333333 0.5949074074074074 0.07083333333333333 0.5287037037037037
2 0.7291666666666666 0.575925925925926 0.059375 0.5333333333333333
3 0.22161458333333334 0.5583333333333333 0.06302083333333333 0.1925925925925926
3 0.371875 0.5435185185185185 0.052083333333333336 0.1851851851851852
3 0.5182291666666666 0.5351851851851852 0.06458333333333333 0.17592592592592593
9 0.06041666666666667 0.23425925925925928 0.08125 0.14444444444444446
9 0.14348958333333334 0.42592592592592593 0.0765625 0.15
8 0.29296875 0.22453703703703703 0.0765625 0.15833333333333333
8 0.5875 0.2125 0.065625 0.16203703703703703
5 0.4395833333333333 0.4050925925925926 0.07083333333333333 0.1527777777777778
7 0.72890625 0.38472222222222224 0.057812499999999996 0.14537037037037037
10 0.14114583333333333 0.6842592592592592 0.04479166666666667 0.34074074074074073
11 0.29296875 0.6833333333333333 0.04635416666666667 0.362962962962963
