10 0.11458333333333333 0.45092592592592595 0.046875 0.2851851851851852
10 0.2625 0.4962962962962963 0.06354166666666666 0.37962962962962965
10 0.4088541666666667 0.4587962962962963 0.05625 0.3138888888888889
0 0.11588541666666667 0.41944444444444445 0.08177083333333333 0.6796296296296297
0 0.2591145833333333 0.4134259259259259 0.06927083333333334 0.6768518518518519
0 0.4044270833333333 0.4087962962962963 0.06927083333333334 0.687962962962963
1 0.54140625 0.4865740740740741 0.0640625 0.487962962962963
1 0.61015625 0.4842592592592593 0.05677083333333333 0.48333333333333334
1 0.7393229166666666 0.4763888888888889 0.057812499999999996 0.4898148148148148
9 0.11171874999999999 0.14814814814814814 0.0765625 0.1425925925925926
9 0.53671875 0.3148148148148148 0.0515625 0.1388888888888889
8 0.25807291666666665 0.14675925925925926 0.07239583333333333 0.1287037037037037
8 0.6114583333333333 0.3162037037037037 0.06770833333333333 0.13611111111111113
6 0.4 0.1375 0.06041666666666667 0.14907407407407408
5 0.7434895833333334 0.3060185185185185 0.06822916666666666 0.1564814814814815
11 0.61484375 0.6194444444444445 0.034895833333333334 0.22222222222222224
