11 0.14921875 0.6759259259259259 0.0546875 0.35370370370370374
11 0.7286458333333333 0.6782407407407408 0.03333333333333333 0.28611111111111115
0 0.1359375 0.5277777777777778 0.07291666666666667 0.6537037037037037
0 0.203125 0.525 0.06979166666666667 0.6555555555555556
0 0.3375 0.5162037037037037 0.06666666666666667 0.6527777777777778
0 0.46822916666666664 0.5111111111111112 0.06770833333333333 0.6481481481481481
1 0.72578125 0.5856481481481481 0.0546875 0.5046296296296297
9 0.13125 0.27037037037037037 0.06875 0.1388888888888889
9 0.2015625 0.26342592592592595 0.06145833333333333 0.1287037037037037
9 0.72890625 0.40925925925925927 0.057812499999999996 0.13148148148148148
8 0.3341145833333333 0.25787037037037036 0.06302083333333333 0.13240740740740742
7 0.46822916666666664 0.2625 0.065625 0.12314814814814816
10 0.21614583333333334 0.5574074074074075 0.07083333333333333 0.25
10 0.4828125 0.5638888888888889 0.051041666666666666 0.24629629629629632
