11 0.5614583333333333 0.6282407407407408 0.035416666666666666 0.2101851851851852
0 0.09140625 0.4486111111111111 0.06614583333333333 0.6453703703703704
0 0.22135416666666666 0.4430555555555556 0.057291666666666664 0.637962962962963
0 0.3625 0.4324074074074074 0.07083333333333333 0.6314814814814815
1 0.49166666666666664 0.5074074074074074 0.06041666666666667 0.46481481481481485
1 0.5627604166666667 0.5120370370370371 0.059895833333333336 0.45555555555555555
1 0.6830729166666667 0.49768518518518523 0.07135416666666666 0.4564814814814815
9 0.084375 0.19814814814814816 0.0625 0.12037037037037038
9 0.4903645833333333 0.3509259259259259 0.0546875 0.13148148148148148
8 0.22317708333333333 0.18703703703703706 0.06302083333333333 0.14074074074074075
8 0.5580729166666667 0.3439814814814815 0.05364583333333333 0.1398148148148148
6 0.3611979166666667 0.18611111111111112 0.06614583333333333 0.14444444444444446
5 0.6778645833333333 0.33935185185185185 0.0546875 0.13425925925925927
10 0.08125 0.4800925925925926 0.03958333333333333 0.275
10 0.22708333333333333 0.5236111111111111 0.05 0.3564814814814815
10 0.3611979166666667 0.475462962962963 0.027604166666666666 0.2712962962962963
