10 0.4635416666666667 0.5342592592592593 0.04479166666666667 0.22037037037037038
10 0.22682291666666665 0.5268518518518519 0.049479166666666664 0.22222222222222224
0 0.15807291666666667 0.4939814814814815 0.06302083333333333 0.5750000000000001
0 0.22005208333333334 0.49722222222222223 0.06302083333333333 0.5777777777777778
0 0.3380208333333333 0.49583333333333335 0.057291666666666664 0.5750000000000001
0 0.453125 0.4912037037037037 0.052083333333333336 0.5657407407407408
1 0.6716145833333333 0.5564814814814815 0.050520833333333334 0.4166666666666667
9 0.15442708333333333 0.2662037037037037 0.06302083333333333 0.125
9 0.21848958333333332 0.26666666666666666 0.057812499999999996 0.11481481481481481
9 0.67578125 0.40740740740740744 0.05364583333333333 0.11481481481481481
8 0.33489583333333334 0.2657407407407408 0.05625 0.10925925925925926
7 0.45234375 0.2652777777777778 0.0484375 0.1175925925925926
11 0.16276041666666666 0.6231481481481481 0.049479166666666664 0.32037037037037036
11 0.6776041666666667 0.6439814814814815 0.030208333333333334 0.24537037037037038
