4 0.32317708333333334 0.5462962962962963 0.04635416666666667 0.13518518518518519
4 0.53125 0.537962962962963 0.041666666666666664 0.1277777777777778
0 0.21380208333333334 0.512962962962963 0.0484375 0.5092592592592593
0 0.42734374999999997 0.5125000000000001 0.04635416666666667 0.5101851851851852
1 0.5875 0.5782407407407407 0.04375 0.3787037037037037
1 0.6877604166666667 0.575462962962963 0.04635416666666667 0.3675925925925926
10 0.2125 0.5356481481481482 0.034375 0.22314814814814815
10 0.42864583333333334 0.5453703703703704 0.04375 0.2537037037037037
11 0.69375 0.6787037037037037 0.022916666666666665 0.15925925925925927
9 0.21171874999999998 0.3078703703703704 0.049479166666666664 0.09907407407407408
5 0.42942708333333335 0.3013888888888889 0.0421875 0.09722222222222222
5 0.5877604166666667 0.4375 0.04635416666666667 0.09722222222222222
8 0.6895833333333333 0.4412037037037037 0.05 0.09537037037037037
