0 0.1609375 0.4115740740740741 0.07395833333333333 0.6583333333333333
0 0.2950520833333333 0.40092592592592596 0.0640625 0.6481481481481481
0 0.434375 0.39490740740740743 0.06145833333333333 0.6453703703703704
1 0.5677083333333334 0.47824074074074074 0.053125 0.4712962962962963
1 0.6346354166666667 0.48240740740740745 0.05364583333333333 0.4703703703703704
1 0.7619791666666667 0.4671296296296297 0.053125 0.47314814814814815
9 0.1578125 0.1564814814814815 0.071875 0.14444444444444446
9 0.56640625 0.3087962962962963 0.05572916666666666 0.13611111111111113
8 0.6361979166666667 0.3101851851851852 0.05677083333333333 0.13518518518518519
8 0.29375 0.14583333333333334 0.06979166666666667 0.13611111111111113
6 0.43333333333333335 0.13796296296296298 0.06770833333333333 0.13703703703703704
5 0.7658854166666667 0.3060185185185185 0.0546875 0.13611111111111113
10 0.15833333333333333 0.437962962962963 0.04375 0.2814814814814815
10 0.3013020833333333 0.4842592592592593 0.049479166666666664 0.3703703703703704
10 0.434375 0.42592592592592593 0.034375 0.2777777777777778
11 0.6361979166666667 0.6041666666666667 0.03177083333333333 0.2138888888888889
