0 0.20859375 0.4481481481481482 0.050520833333333334 0.5333333333333333
0 0.3203125 0.44537037037037036 0.05 0.5314814814814816
0 0.42890625 0.4412037037037037 0.0484375 0.525
0 0.54140625 0.4537037037037037 0.0421875 0.49259259259259264
0 0.6518229166666667 0.42962962962962964 0.04635416666666667 0.5462962962962963
10 0.20442708333333334 0.45462962962962966 0.0328125 0.19074074074074074
10 0.43645833333333334 0.49259259259259264 0.034375 0.2351851851851852
10 0.6518229166666667 0.4587962962962963 0.03802083333333333 0.22870370370370371
5 0.20911458333333333 0.23935185185185187 0.0515625 0.11018518518518519
6 0.3190104166666667 0.23657407407407408 0.04739583333333333 0.11018518518518519
7 0.42890625 0.23425925925925928 0.0484375 0.11666666666666667
8 0.6510416666666666 0.21157407407407408 0.05 0.11574074074074074
11 0.5442708333333334 0.5625 0.026041666666666668 0.275
