4 0.3171875 0.5041666666666667 0.052083333333333336 0.1564814814814815
4 0.5494791666666666 0.4967592592592593 0.052083333333333336 0.14166666666666666
0 0.19427083333333334 0.4708333333333333 0.05520833333333333 0.5712962962962963
0 0.4348958333333333 0.4625 0.051041666666666666 0.5750000000000001
1 0.6106770833333334 0.5342592592592593 0.05260416666666667 0.41111111111111115
1 0.721875 0.5319444444444444 0.052083333333333336 0.4064814814814815
10 0.19453125 0.4986111111111111 0.0421875 0.25277777777777777
10 0.43645833333333334 0.5060185185185185 0.046875 0.287962962962963
11 0.7296875 0.6435185185185185 0.022916666666666665 0.17777777777777778
9 0.19453125 0.24537037037037038 0.05364583333333333 0.11111111111111112
5 0.43515624999999997 0.23564814814814816 0.049479166666666664 0.11574074074074074
5 0.6091145833333333 0.3837962962962963 0.04739583333333333 0.11018518518518519
8 0.7231770833333333 0.38333333333333336 0.0515625 0.10555555555555556
