4 0.3109375 0.4939814814814815 0.05625 0.1527777777777778
4 0.5536458333333333 0.48194444444444445 0.051041666666666666 0.15092592592592594
0 0.1796875 0.4620370370370371 0.06458333333333333 0.5944444444444444
0 0.43203125 0.4444444444444445 0.05572916666666666 0.5962962962962963
1 0.61640625 0.5208333333333334 0.057812499999999996 0.4324074074074074
1 0.734375 0.5148148148148148 0.052083333333333336 0.4203703703703704
10 0.18125 0.49768518518518523 0.04479166666666667 0.2657407407407408
10 0.43385416666666665 0.4953703703703704 0.04895833333333333 0.3037037037037037
11 0.74375 0.6342592592592593 0.028125 0.18333333333333335
9 0.17708333333333334 0.22962962962962963 0.058333333333333334 0.12407407407407407
5 0.43333333333333335 0.21481481481481482 0.051041666666666666 0.12962962962962962
5 0.6161458333333333 0.3648148148148148 0.057291666666666664 0.11111111111111112
8 0.7348958333333333 0.3601851851851852 0.04791666666666666 0.11111111111111112
