0 0.19817708333333334 0.47870370370370374 0.05364583333333333 0.5537037037037037
0 0.31354166666666666 0.4814814814814815 0.052083333333333336 0.5518518518518519
0 0.4263020833333333 0.4814814814814815 0.050520833333333334 0.5537037037037037
0 0.5416666666666666 0.49953703703703706 0.040625 0.5120370370370371
0 0.6611979166666666 0.47824074074074074 0.050520833333333334 0.5750000000000001
5 0.19765625 0.25972222222222224 0.0546875 0.11574074074074074
6 0.3125 0.2601851851851852 0.051041666666666666 0.11481481481481481
7 0.42578125 0.26481481481481484 0.0515625 0.11851851851851852
8 0.6609375 0.2490740740740741 0.05 0.11851851851851852
10 0.18880208333333334 0.48240740740740745 0.0234375 0.1962962962962963
10 0.4315104166666667 0.5337962962962963 0.033854166666666664 0.23425925925925928
10 0.6578125 0.513425925925926 0.034375 0.24166666666666667
11 0.5408854166666667 0.6138888888888889 0.025520833333333333 0.28703703703703703
