1 0.178125 0.5402777777777777 0.06145833333333333 0.4101851851851852
1 0.39739583333333334 0.5324074074074074 0.051041666666666666 0.40925925925925927
1 0.6072916666666667 0.5300925925925926 0.04583333333333333 0.4046296296296297
2 0.2903645833333333 0.5388888888888889 0.0453125 0.40740740740740744
0 0.5005208333333333 0.46111111111111114 0.053125 0.5444444444444445
7 0.17760416666666667 0.3944444444444445 0.057291666666666664 0.11296296296296297
7 0.2942708333333333 0.39212962962962966 0.04375 0.11203703703703705
8 0.5 0.250462962962963 0.052083333333333336 0.11574074074074074
8 0.6078125 0.3856481481481482 0.04895833333333333 0.11018518518518519
9 0.39609375 0.3907407407407408 0.05572916666666666 0.12037037037037038
11 0.184375 0.7157407407407408 0.03854166666666667 0.05740740740740741
11 0.5028645833333333 0.5750000000000001 0.04114583333333333 0.32407407407407407
11 0.6098958333333333 0.6351851851851852 0.04479166666666667 0.19444444444444445
