3 0.44244791666666666 0.5856481481481481 0.04114583333333333 0.18796296296296297
0 0.275 0.4939814814814815 0.05416666666666667 0.5509259259259259
0 0.38515625 0.48564814814814816 0.050520833333333334 0.5472222222222223
0 0.5473958333333333 0.47962962962962963 0.052083333333333336 0.5407407407407407
0 0.65546875 0.4726851851851852 0.0484375 0.5435185185185185
1 0.22083333333333333 0.5648148148148149 0.053125 0.41481481481481486
1 0.7072916666666667 0.5365740740740741 0.04583333333333333 0.40092592592592596
10 0.21744791666666666 0.6171296296296297 0.034895833333333334 0.26944444444444443
10 0.278125 0.5291666666666667 0.042708333333333334 0.2712962962962963
10 0.3794270833333333 0.524537037037037 0.0328125 0.28055555555555556
10 0.55234375 0.5189814814814815 0.04010416666666666 0.2657407407407408
10 0.6565104166666667 0.5273148148148148 0.0421875 0.2990740740740741
11 0.7096354166666666 0.6268518518518519 0.0359375 0.21296296296296297
9 0.27421875 0.275 0.0453125 0.11111111111111112
5 0.7057291666666666 0.38796296296296295 0.042708333333333334 0.10555555555555556
8 0.3833333333333333 0.26481481481481484 0.04375 0.1
8 0.65390625 0.25416666666666665 0.04739583333333333 0.09537037037037037
7 0.21927083333333333 0.41574074074074074 0.04791666666666666 0.10740740740740741
7 0.5442708333333334 0.2625 0.051041666666666666 0.10833333333333334
