0 0.14114583333333333 0.5069444444444444 0.06979166666666667 0.7083333333333334
0 0.36354166666666665 0.5291666666666667 0.04895833333333333 0.6472222222222223
1 0.50625 0.5888888888888889 0.059375 0.5111111111111112
4 0.43385416666666665 0.5393518518518519 0.052083333333333336 0.18055555555555555
4 0.5796875 0.5467592592592593 0.05416666666666667 0.18611111111111112
4 0.6481770833333333 0.5291666666666667 0.05364583333333333 0.17500000000000002
3 0.721875 0.6162037037037037 0.059375 0.3712962962962963
5 0.1421875 0.22962962962962963 0.071875 0.15185185185185185
8 0.5067708333333333 0.40185185185185185 0.06145833333333333 0.14074074074074075
11 0.3625 0.6652777777777779 0.034375 0.36574074074074076
