7 0.13385416666666666 0.3689814814814815 0.06875 0.13425925925925927
8 0.20781249999999998 0.18703703703703706 0.06875 0.14814814814814814
9 0.34739583333333335 0.3736111111111111 0.06666666666666667 0.14351851851851852
9 0.77109375 0.19814814814814816 0.06302083333333333 0.1537037037037037
5 0.4888020833333333 0.3699074074074074 0.0671875 0.13425925925925927
5 0.62734375 0.35555555555555557 0.06614583333333333 0.14074074074074075
1 0.13515625 0.5532407407407408 0.07239583333333333 0.5027777777777778
1 0.34453125 0.5527777777777778 0.058854166666666666 0.5092592592592593
1 0.4875 0.549537037037037 0.06041666666666667 0.500925925925926
1 0.6263020833333334 0.5449074074074074 0.06302083333333333 0.5120370370370371
0 0.20572916666666666 0.46064814814814814 0.06041666666666667 0.6953703703703704
0 0.76484375 0.4601851851851852 0.05677083333333333 0.6777777777777778
11 0.13151041666666666 0.6902777777777778 0.04010416666666666 0.2175925925925926
11 0.19921875 0.6314814814814815 0.030729166666666665 0.35555555555555557
11 0.76640625 0.6226851851851852 0.04739583333333333 0.36944444444444446
4 0.27630208333333334 0.5032407407407408 0.059895833333333336 0.17314814814814816
4 0.41510416666666666 0.5013888888888889 0.052083333333333336 0.18055555555555555
4 0.56015625 0.49444444444444446 0.049479166666666664 0.16296296296296298
10 0.09947916666666666 0.6875 0.03958333333333333 0.21574074074074076
10 0.3536458333333333 0.6375000000000001 0.040625 0.30092592592592593
10 0.6309895833333333 0.6328703703703704 0.03177083333333333 0.2916666666666667
