7 0.1671875 0.3365740740740741 0.06354166666666666 0.11944444444444445
8 0.22994791666666667 0.17592592592592593 0.0515625 0.1277777777777778
9 0.35390625 0.33981481481481485 0.05572916666666666 0.11851851851851852
9 0.7138020833333333 0.17453703703703705 0.0609375 0.11388888888888889
5 0.47291666666666665 0.3277777777777778 0.06145833333333333 0.11851851851851852
5 0.58984375 0.31527777777777777 0.057812499999999996 0.11574074074074074
4 0.2981770833333333 0.4439814814814815 0.0484375 0.14722222222222223
4 0.41328125 0.4467592592592593 0.0390625 0.15092592592592594
4 0.5328125 0.4375 0.036458333333333336 0.14166666666666666
11 0.17317708333333334 0.6083333333333334 0.03802083333333333 0.20370370370370372
11 0.23307291666666666 0.5583333333333333 0.0484375 0.2888888888888889
11 0.7130208333333333 0.5416666666666667 0.041666666666666664 0.29074074074074074
10 0.14375 0.5958333333333333 0.035416666666666666 0.1787037037037037
10 0.3572916666666667 0.5458333333333334 0.0375 0.27314814814814814
10 0.596875 0.5476851851851852 0.027083333333333334 0.2564814814814815
1 0.17239583333333333 0.4949074074074074 0.06875 0.42685185185185187
1 0.353125 0.48194444444444445 0.05625 0.4083333333333333
1 0.471875 0.4763888888888889 0.06145833333333333 0.42129629629629634
1 0.5958333333333333 0.4763888888888889 0.058333333333333334 0.4305555555555556
0 0.23567708333333334 0.41064814814814815 0.06927083333333334 0.5953703703703704
0 0.7083333333333334 0.3995370370370371 0.05625 0.5638888888888889
