0 0.20234375 0.4967592592592593 0.06197916666666667 0.6453703703703704
0 0.334375 0.49444444444444446 0.059375 0.6611111111111111
0 0.4669270833333333 0.48888888888888893 0.0640625 0.6537037037037037
0 0.60625 0.5148148148148148 0.04791666666666666 0.625925925925926
0 0.7479166666666667 0.4800925925925926 0.058333333333333334 0.6935185185185185
10 0.19088541666666667 0.4981481481481482 0.024479166666666666 0.22592592592592595
10 0.47369791666666666 0.5476851851851852 0.04739583333333333 0.28055555555555556
10 0.7447916666666666 0.5106481481481482 0.03958333333333333 0.2972222222222222
11 0.60625 0.6430555555555556 0.030208333333333334 0.3490740740740741
5 0.20208333333333334 0.2388888888888889 0.06041666666666667 0.1388888888888889
6 0.33359375 0.23750000000000002 0.057812499999999996 0.13611111111111113
7 0.4661458333333333 0.23333333333333334 0.0625 0.1388888888888889
8 0.7471354166666666 0.20231481481481484 0.059895833333333336 0.14351851851851852
