4 0.33489583333333334 0.524537037037037 0.04895833333333333 0.1287037037037037
4 0.5361979166666666 0.5194444444444445 0.04635416666666667 0.12407407407407407
0 0.23203125 0.49259259259259264 0.0453125 0.49074074074074076
0 0.43776041666666665 0.4912037037037037 0.0453125 0.4916666666666667
1 0.5895833333333333 0.5550925925925926 0.04479166666666667 0.3564814814814815
1 0.6888020833333334 0.5564814814814815 0.044270833333333336 0.362962962962963
10 0.23177083333333334 0.5171296296296296 0.034375 0.2212962962962963
10 0.4388020833333333 0.524537037037037 0.0390625 0.23981481481481481
11 0.6932291666666667 0.6546296296296297 0.01875 0.15555555555555556
9 0.2328125 0.30185185185185187 0.04375 0.10185185185185186
5 0.43854166666666666 0.2953703703703704 0.042708333333333334 0.1
5 0.5911458333333334 0.4277777777777778 0.042708333333333334 0.10185185185185186
8 0.6901041666666666 0.4236111111111111 0.04375 0.09351851851851853
