4 0.21875 0.5324074074074074 0.058333333333333334 0.17037037037037037
4 0.48802083333333335 0.5157407407407407 0.051041666666666666 0.16111111111111112
0 0.06953125 0.4990740740740741 0.06614583333333333 0.662962962962963
0 0.35130208333333335 0.4828703703703704 0.058854166666666666 0.6601851851851852
1 0.5588541666666667 0.5620370370370371 0.06041666666666667 0.4777777777777778
1 0.68984375 0.5592592592592592 0.058854166666666666 0.4777777777777778
10 0.07369791666666667 0.5328703703703704 0.044270833333333336 0.2916666666666667
10 0.3541666666666667 0.5365740740740741 0.052083333333333336 0.33981481481481485
11 0.69921875 0.6870370370370371 0.0265625 0.20555555555555557
9 0.07057291666666667 0.23842592592592593 0.06302083333333333 0.13055555555555556
5 0.35078125 0.22175925925925927 0.058854166666666666 0.13425925925925927
5 0.559375 0.38796296296296295 0.059375 0.12407407407407407
8 0.6885416666666666 0.3805555555555556 0.06041666666666667 0.11851851851851852
