0 0.053906249999999996 0.5282407407407408 0.0890625 0.7546296296296297
0 0.2942708333333333 0.5083333333333333 0.07395833333333333 0.7555555555555555
0 0.596875 0.4949074074074074 0.07083333333333333 0.7435185185185186
1 0.13984375 0.625 0.07760416666666667 0.5555555555555556
1 0.44557291666666665 0.6060185185185185 0.07552083333333333 0.5361111111111111
2 0.74765625 0.5837962962962964 0.06302083333333333 0.5453703703703704
9 0.053125 0.23425925925925928 0.08541666666666667 0.16296296296296298
9 0.13776041666666666 0.4310185185185185 0.0765625 0.1564814814814815
8 0.2934895833333333 0.22222222222222224 0.07552083333333333 0.1574074074074074
8 0.6018229166666667 0.2050925925925926 0.07552083333333333 0.1527777777777778
5 0.44557291666666665 0.41944444444444445 0.06927083333333334 0.14444444444444446
7 0.7471354166666666 0.38703703703703707 0.06510416666666667 0.15
10 0.13671875 0.700925925925926 0.04635416666666667 0.3611111111111111
11 0.2981770833333333 0.7037037037037037 0.044270833333333336 0.3703703703703704
3 0.22083333333333333 0.5643518518518519 0.075 0.20462962962962963
3 0.3723958333333333 0.549074074074074 0.052083333333333336 0.1962962962962963
3 0.5283854166666666 0.5472222222222223 0.059895833333333336 0.19444444444444445
