11 0.16770833333333332 0.5662037037037038 0.03958333333333333 0.3527777777777778
11 0.7369791666666666 0.5967592592592593 0.03854166666666667 0.28240740740740744
0 0.15520833333333334 0.42824074074074076 0.06979166666666667 0.6398148148148148
0 0.22526041666666666 0.4287037037037037 0.06302083333333333 0.6481481481481481
0 0.35442708333333334 0.4189814814814815 0.0609375 0.6527777777777778
0 0.48151041666666666 0.4199074074074074 0.06197916666666667 0.6416666666666667
1 0.7361979166666667 0.4953703703703704 0.058854166666666666 0.48888888888888893
9 0.15416666666666667 0.16805555555555557 0.06041666666666667 0.12685185185185185
9 0.22291666666666665 0.17083333333333334 0.058333333333333334 0.125
9 0.7361979166666667 0.32083333333333336 0.058854166666666666 0.13240740740740742
8 0.35234375 0.15555555555555556 0.05572916666666666 0.12592592592592594
7 0.47890625 0.1675925925925926 0.06302083333333333 0.14074074074074075
10 0.23046875 0.45925925925925926 0.06510416666666667 0.2555555555555556
10 0.49713541666666666 0.46851851851851856 0.049479166666666664 0.2611111111111111
