3 0.38958333333333334 0.6189814814814815 0.04895833333333333 0.225
0 0.17578125 0.4962962962962963 0.0640625 0.6666666666666667
0 0.31666666666666665 0.4902777777777778 0.059375 0.6712962962962963
0 0.5114583333333333 0.4847222222222222 0.058333333333333334 0.637962962962963
0 0.6427083333333333 0.4763888888888889 0.05625 0.6435185185185185
1 0.11041666666666666 0.5902777777777778 0.06875 0.500925925925926
1 0.7026041666666667 0.5541666666666667 0.057291666666666664 0.47500000000000003
10 0.10651041666666666 0.6537037037037037 0.044270833333333336 0.32037037037037036
10 0.18125 0.549074074074074 0.05625 0.32407407407407407
10 0.3125 0.5402777777777777 0.03958333333333333 0.32685185185185184
10 0.5182291666666666 0.5356481481481482 0.04583333333333333 0.30648148148148147
10 0.6403645833333333 0.5375 0.04739583333333333 0.33611111111111114
11 0.7036458333333333 0.6643518518518519 0.04791666666666666 0.25277777777777777
9 0.17630208333333333 0.23148148148148148 0.06302083333333333 0.13148148148148148
5 0.7033854166666667 0.3851851851851852 0.05572916666666666 0.12407407407407407
8 0.31588541666666664 0.22453703703703703 0.057812499999999996 0.1287037037037037
8 0.6424479166666667 0.21296296296296297 0.0546875 0.12407407407407407
7 0.11015625 0.4087962962962963 0.0671875 0.13055555555555556
7 0.5109375 0.22962962962962963 0.057291666666666664 0.12407407407407407
