7 0.16875 0.40972222222222227 0.08020833333333333 0.11574074074074074
6 0.2953125 0.41111111111111115 0.057291666666666664 0.1425925925925926
9 0.4046875 0.40740740740740744 0.06145833333333333 0.1388888888888889
8 0.5177083333333333 0.2611111111111111 0.06354166666666666 0.13703703703703704
8 0.634375 0.41435185185185186 0.06770833333333333 0.125
1 0.17526041666666667 0.5638888888888889 0.0703125 0.43703703703703706
1 0.40859375 0.5685185185185185 0.05364583333333333 0.43703703703703706
1 0.6325520833333333 0.5731481481481482 0.05677083333333333 0.45
0 0.5197916666666667 0.4949074074074074 0.06979166666666667 0.6027777777777777
2 0.2984375 0.5648148148148149 0.06666666666666667 0.45925925925925926
11 0.18098958333333334 0.7541666666666667 0.04114583333333333 0.04722222222222222
11 0.5197916666666667 0.6240740740740741 0.04895833333333333 0.34814814814814815
11 0.6377604166666666 0.687962962962963 0.0453125 0.20555555555555557
