0 0.2747395833333333 0.47314814814814815 0.04010416666666666 0.46851851851851856
0 0.43203125 0.4513888888888889 0.04635416666666667 0.49722222222222223
0 0.63828125 0.45833333333333337 0.04010416666666666 0.45925925925925926
1 0.32786458333333335 0.5222222222222223 0.04635416666666667 0.362962962962963
1 0.534375 0.5300925925925926 0.036458333333333336 0.33055555555555555
2 0.7385416666666667 0.5064814814814815 0.040625 0.3666666666666667
4 0.3809895833333333 0.4842592592592593 0.03802083333333333 0.1277777777777778
4 0.48515625 0.4800925925925926 0.04010416666666666 0.125
4 0.5838541666666667 0.47962962962962963 0.03958333333333333 0.12407407407407407
10 0.32890625 0.5805555555555556 0.024479166666666666 0.21481481481481482
10 0.6442708333333333 0.48703703703703705 0.026041666666666668 0.21296296296296297
9 0.32734375 0.3893518518518519 0.043229166666666666 0.10092592592592593
8 0.4315104166666667 0.25416666666666665 0.0453125 0.10648148148148148
7 0.7395833333333334 0.3717592592592593 0.040625 0.10092592592592593
11 0.43307291666666664 0.5787037037037037 0.022395833333333334 0.2425925925925926
