4 0.32838541666666665 0.5277777777777778 0.04635416666666667 0.13703703703703704
4 0.534375 0.5222222222222223 0.04375 0.12037037037037038
0 0.22213541666666667 0.5013888888888889 0.04739583333333333 0.500925925925926
0 0.43333333333333335 0.4930555555555556 0.04583333333333333 0.5046296296296297
1 0.58828125 0.5597222222222222 0.0484375 0.3712962962962963
1 0.68828125 0.5587962962962963 0.04739583333333333 0.36388888888888893
10 0.22291666666666665 0.5217592592592593 0.035416666666666666 0.2175925925925926
10 0.43463541666666666 0.5324074074074074 0.0390625 0.2555555555555556
11 0.6940104166666666 0.6587962962962963 0.019270833333333334 0.15833333333333333
9 0.22343749999999998 0.300462962962963 0.04479166666666667 0.10092592592592593
5 0.43359375 0.29444444444444445 0.0453125 0.10185185185185186
5 0.5872395833333334 0.42685185185185187 0.049479166666666664 0.10370370370370371
8 0.6895833333333333 0.425 0.04479166666666667 0.09444444444444444
