0 0.1734375 0.48842592592592593 0.04895833333333333 0.5731481481481482
1 0.24114583333333334 0.5462962962962963 0.06041666666666667 0.4462962962962963
0 0.36953125 0.4620370370370371 0.057812499999999996 0.6129629629629629
4 0.43359375 0.46111111111111114 0.0515625 0.1537037037037037
1 0.49609375 0.5564814814814815 0.044270833333333336 0.4185185185185185
0 0.5609375 0.48055555555555557 0.042708333333333334 0.5666666666666667
0 0.6213541666666667 0.47731481481481486 0.040625 0.5675925925925926
3 0.6830729166666667 0.5388888888888889 0.0484375 0.32592592592592595
2 0.7458333333333333 0.5305555555555556 0.04895833333333333 0.4481481481481482
10 0.23984375 0.6217592592592592 0.0328125 0.2712962962962963
11 0.3692708333333333 0.6087962962962963 0.030208333333333334 0.3194444444444445
10 0.5559895833333334 0.5018518518518519 0.0359375 0.2574074074074074
10 0.6268229166666667 0.512962962962963 0.033854166666666664 0.2814814814814815
