7 0.43671875 0.21851851851851853 0.049479166666666664 0.12592592592592594
0 0.12838541666666667 0.4587962962962963 0.057812499999999996 0.6027777777777777
0 0.19427083333333334 0.46111111111111114 0.057291666666666664 0.6055555555555556
0 0.31875 0.45092592592592595 0.0625 0.6018518518518519
0 0.4380208333333333 0.4527777777777778 0.057291666666666664 0.5851851851851853
1 0.66796875 0.513425925925926 0.058854166666666666 0.44351851851851853
9 0.12552083333333333 0.21851851851851853 0.052083333333333336 0.12222222222222223
9 0.19348958333333333 0.21666666666666667 0.05572916666666666 0.12222222222222223
9 0.675 0.35879629629629634 0.05520833333333333 0.11574074074074074
8 0.31484375 0.2138888888888889 0.0515625 0.12222222222222223
11 0.13802083333333334 0.5939814814814816 0.04375 0.3416666666666667
11 0.6708333333333333 0.6032407407407407 0.03854166666666667 0.25833333333333336
10 0.19817708333333334 0.4810185185185185 0.06614583333333333 0.25092592592592594
10 0.45 0.4962962962962963 0.03958333333333333 0.24814814814814815
