1 0.13958333333333334 0.5912037037037037 0.06875 0.500925925925926
1 0.27578125 0.5865740740740741 0.0640625 0.5101851851851852
1 0.4106770833333333 0.5814814814814815 0.0609375 0.512962962962963
0 0.5450520833333333 0.5074074074074074 0.059895833333333336 0.6407407407407407
1 0.68046875 0.5675925925925926 0.06197916666666667 0.4962962962962963
0 0.7510416666666666 0.4967592592592593 0.051041666666666666 0.637962962962963
7 0.13958333333333334 0.41111111111111115 0.06666666666666667 0.14444444444444446
5 0.27630208333333334 0.40231481481481485 0.0609375 0.14537037037037037
6 0.4106770833333333 0.39814814814814814 0.0609375 0.1462962962962963
8 0.6815104166666667 0.38657407407407407 0.06197916666666667 0.14166666666666666
10 0.15182291666666667 0.6712962962962963 0.0421875 0.27037037037037037
11 0.4161458333333333 0.6976851851851852 0.04791666666666666 0.275
11 0.5471354166666667 0.6333333333333333 0.049479166666666664 0.38703703703703707
11 0.68046875 0.701388888888889 0.04635416666666667 0.23611111111111113
