3 0.4588541666666667 0.6 0.04375 0.20740740740740743
0 0.278125 0.4953703703703704 0.05625 0.5962962962962963
0 0.39427083333333335 0.487962962962963 0.05520833333333333 0.5962962962962963
0 0.5674479166666666 0.48194444444444445 0.05572916666666666 0.5842592592592593
0 0.6856770833333333 0.46481481481481485 0.050520833333333334 0.5833333333333334
1 0.22005208333333334 0.5796296296296296 0.0546875 0.4481481481481482
1 0.7442708333333333 0.5398148148148149 0.051041666666666666 0.43333333333333335
10 0.21692708333333333 0.6319444444444444 0.03697916666666667 0.28611111111111115
10 0.28020833333333334 0.5393518518518519 0.052083333333333336 0.2990740740740741
10 0.3924479166666667 0.5305555555555556 0.03697916666666667 0.2888888888888889
10 0.57421875 0.5185185185185185 0.04010416666666666 0.2833333333333333
10 0.68828125 0.525 0.0421875 0.3148148148148148
11 0.7447916666666666 0.6351851851851852 0.03854166666666667 0.22962962962962963
9 0.27578125 0.2652777777777778 0.05572916666666666 0.12685185185185185
5 0.7432291666666666 0.3837962962962963 0.04791666666666666 0.11203703703703705
8 0.3950520833333333 0.25 0.05364583333333333 0.11666666666666667
8 0.6869791666666667 0.23333333333333334 0.04791666666666666 0.10740740740740741
7 0.21953124999999998 0.41574074074074074 0.05364583333333333 0.11666666666666667
7 0.5677083333333334 0.24629629629629632 0.051041666666666666 0.11481481481481481
