4 0.3234375 0.5597222222222222 0.053125 0.17500000000000002
4 0.5934895833333333 0.5365740740740741 0.050520833333333334 0.15833333333333333
0 0.1796875 0.5282407407407408 0.06458333333333333 0.6583333333333333
0 0.45598958333333334 0.5013888888888889 0.059895833333333336 0.6583333333333333
1 0.6625 0.5796296296296296 0.05625 0.48703703703703705
1 0.7973958333333333 0.5800925925925926 0.06041666666666667 0.4898148148148148
10 0.1796875 0.5523148148148148 0.03958333333333333 0.287962962962963
10 0.4583333333333333 0.5569444444444445 0.052083333333333336 0.33611111111111114
9 0.17916666666666667 0.2611111111111111 0.065625 0.12962962962962962
5 0.45546875 0.24074074074074076 0.06197916666666667 0.13148148148148148
5 0.6630208333333333 0.4 0.05520833333333333 0.13333333333333333
8 0.796875 0.4013888888888889 0.05625 0.12685185185185185
11 0.809375 0.7087962962962964 0.025 0.21944444444444444
