3 0.44244791666666666 0.6 0.04739583333333333 0.19814814814814816
0 0.2591145833333333 0.5032407407407408 0.05364583333333333 0.5750000000000001
0 0.3736979166666667 0.4916666666666667 0.0515625 0.5851851851851853
0 0.5442708333333334 0.4828703703703704 0.05416666666666667 0.5620370370370371
0 0.6630208333333333 0.47175925925925927 0.04895833333333333 0.5657407407407408
1 0.7177083333333333 0.5416666666666667 0.052083333333333336 0.4222222222222222
1 0.20286458333333332 0.575925925925926 0.058854166666666666 0.44074074074074077
10 0.19973958333333333 0.6328703703703704 0.0359375 0.28240740740740744
10 0.26328125 0.5425925925925926 0.0484375 0.28703703703703703
10 0.3729166666666667 0.5361111111111111 0.034375 0.2851851851851852
10 0.5526041666666667 0.524537037037037 0.03958333333333333 0.275
10 0.6622395833333333 0.5277777777777778 0.0453125 0.30185185185185187
11 0.7190104166666667 0.6361111111111112 0.03802083333333333 0.22222222222222224
9 0.2598958333333333 0.2712962962962963 0.05416666666666667 0.10925925925925926
5 0.7169270833333333 0.38842592592592595 0.04739583333333333 0.11018518518518519
8 0.375 0.2587962962962963 0.052083333333333336 0.11018518518518519
8 0.66015625 0.23935185185185187 0.049479166666666664 0.10462962962962963
7 0.20104166666666667 0.42129629629629634 0.052083333333333336 0.11666666666666667
7 0.5450520833333333 0.2601851851851852 0.05260416666666667 0.11111111111111112
