7 0.19557291666666665 0.4222222222222222 0.04635416666666667 0.10555555555555556
8 0.25364583333333335 0.2837962962962963 0.053125 0.11203703703703705
9 0.35885416666666664 0.4217592592592593 0.05 0.10462962962962963
9 0.6763020833333333 0.2800925925925926 0.04739583333333333 0.10462962962962963
5 0.46640624999999997 0.4175925925925926 0.050520833333333334 0.11296296296296297
5 0.56796875 0.3990740740740741 0.04635416666666667 0.10185185185185186
11 0.19895833333333332 0.6689814814814815 0.02395833333333333 0.16574074074074074
11 0.25338541666666664 0.6217592592592592 0.033854166666666664 0.2564814814814815
11 0.67578125 0.5972222222222222 0.044270833333333336 0.2777777777777778
10 0.17473958333333334 0.6638888888888889 0.033854166666666664 0.1685185185185185
10 0.36666666666666664 0.6208333333333333 0.0375 0.23796296296296296
10 0.5794270833333334 0.6185185185185186 0.030729166666666665 0.26296296296296295
4 0.30546875 0.513888888888889 0.0328125 0.11851851851851852
4 0.41119791666666666 0.5013888888888889 0.034895833333333334 0.14166666666666666
4 0.5208333333333334 0.5046296296296297 0.04375 0.11666666666666667
1 0.19817708333333334 0.5638888888888889 0.050520833333333334 0.37777777777777777
1 0.3609375 0.5601851851851852 0.051041666666666666 0.3703703703703704
1 0.47161458333333334 0.5527777777777778 0.0609375 0.3740740740740741
1 0.5739583333333333 0.5444444444444445 0.04895833333333333 0.4
0 0.25755208333333335 0.4912037037037037 0.05677083333333333 0.525
0 0.67578125 0.4814814814814815 0.04010416666666666 0.5018518518518519
