4 0.2864583333333333 0.5365740740740741 0.06458333333333333 0.17314814814814816
4 0.5643229166666667 0.5148148148148148 0.057812499999999996 0.1814814814814815
0 0.1328125 0.5064814814814815 0.06979166666666667 0.6925925925925926
0 0.4276041666666667 0.48194444444444445 0.06458333333333333 0.6731481481481482
1 0.63359375 0.5592592592592592 0.06197916666666667 0.48703703703703705
1 0.7643229166666666 0.549074074074074 0.0671875 0.4759259259259259
10 0.13645833333333332 0.5351851851851852 0.046875 0.2925925925925926
10 0.43124999999999997 0.5324074074074074 0.052083333333333336 0.3388888888888889
11 0.7770833333333333 0.6856481481481482 0.025 0.20277777777777778
9 0.13046875 0.22777777777777777 0.0640625 0.12407407407407407
5 0.42734374999999997 0.20833333333333334 0.06302083333333333 0.12407407407407407
5 0.6346354166666667 0.3805555555555556 0.058854166666666666 0.12407407407407407
8 0.7653645833333333 0.37453703703703706 0.06302083333333333 0.12685185185185185
