0 0.10703125 0.5717592592592593 0.0765625 0.7546296296296297
0 0.2630208333333333 0.5643518518518519 0.071875 0.7342592592592593
0 0.4140625 0.563425925925926 0.07083333333333333 0.7287037037037037
0 0.5690104166666666 0.5847222222222223 0.0546875 0.6824074074074075
0 0.7192708333333333 0.5435185185185185 0.06666666666666667 0.7462962962962963
10 0.09322916666666667 0.5912037037037037 0.03229166666666666 0.2972222222222222
10 0.42578125 0.6300925925925926 0.0453125 0.3287037037037037
10 0.71953125 0.5856481481481481 0.04739583333333333 0.31574074074074077
5 0.10625 0.2763888888888889 0.071875 0.15833333333333333
6 0.26145833333333335 0.275 0.06875 0.15
7 0.41380208333333335 0.27222222222222225 0.06822916666666666 0.15555555555555556
8 0.7177083333333333 0.24537037037037038 0.06354166666666666 0.15185185185185185
11 0.57109375 0.7305555555555556 0.034895833333333334 0.3851851851851852
