3 0.409375 0.5564814814814815 0.042708333333333334 0.2
0 0.21875 0.4425925925925926 0.057291666666666664 0.6092592592592593
0 0.34270833333333334 0.4393518518518519 0.053125 0.612037037037037
0 0.5192708333333333 0.42962962962962964 0.052083333333333336 0.587037037037037
0 0.6395833333333333 0.41944444444444445 0.05 0.5814814814814815
1 0.696875 0.4953703703703704 0.052083333333333336 0.4351851851851852
1 0.15729166666666666 0.5263888888888889 0.06041666666666667 0.4601851851851852
10 0.15546875 0.5837962962962964 0.0359375 0.287962962962963
10 0.21875 0.48703703703703705 0.05416666666666667 0.28703703703703703
10 0.33958333333333335 0.4851851851851852 0.03854166666666667 0.3
10 0.5278645833333333 0.47962962962962963 0.0421875 0.2925925925925926
10 0.6390625 0.4810185185185185 0.03958333333333333 0.3194444444444445
11 0.6981770833333333 0.5930555555555556 0.0453125 0.23611111111111113
9 0.21666666666666667 0.20416666666666666 0.05625 0.1212962962962963
5 0.6958333333333333 0.337037037037037 0.05 0.11481481481481481
8 0.34270833333333334 0.19444444444444445 0.05625 0.11666666666666667
8 0.6416666666666666 0.18703703703703706 0.051041666666666666 0.11666666666666667
7 0.15572916666666667 0.36203703703703705 0.058333333333333334 0.12222222222222223
7 0.5203125 0.19768518518518519 0.05520833333333333 0.11944444444444445
