0 0.2609375 0.575462962962963 0.06145833333333333 0.6231481481481481
0 0.38177083333333334 0.5708333333333333 0.0625 0.6212962962962963
0 0.5645833333333333 0.5680555555555555 0.05625 0.6157407407407408
0 0.6888020833333334 0.5574074074074075 0.059895833333333336 0.6092592592592593
1 0.19661458333333334 0.6546296296296297 0.057812499999999996 0.46296296296296297
1 0.75078125 0.6356481481481482 0.0546875 0.45833333333333337
10 0.18854166666666666 0.7328703703703704 0.03229166666666666 0.25833333333333336
10 0.2598958333333333 0.6166666666666667 0.0625 0.24629629629629632
10 0.3763020833333333 0.6111111111111112 0.0359375 0.2962962962962963
10 0.57109375 0.6111111111111112 0.04114583333333333 0.2925925925925926
10 0.6916666666666667 0.6171296296296297 0.04583333333333333 0.325
11 0.7515625 0.7342592592592593 0.04791666666666666 0.25
3 0.44921875 0.688425925925926 0.04114583333333333 0.20833333333333334
7 0.19817708333333334 0.49074074074074076 0.057812499999999996 0.12407407407407407
7 0.5645833333333333 0.32453703703703707 0.05625 0.125
9 0.259375 0.33055555555555555 0.06145833333333333 0.12222222222222223
8 0.38229166666666664 0.32037037037037036 0.05625 0.10925925925925926
8 0.6903645833333333 0.31203703703703706 0.05260416666666667 0.11481481481481481
5 0.75 0.4652777777777778 0.058333333333333334 0.1212962962962963
