4 0.21354166666666666 0.5310185185185186 0.06041666666666667 0.16574074074074074
4 0.48125 0.5171296296296296 0.051041666666666666 0.16203703703703703
0 0.06588541666666667 0.5027777777777778 0.0640625 0.6555555555555556
0 0.3419270833333333 0.4847222222222222 0.059895833333333336 0.6527777777777778
1 0.5497395833333333 0.5648148148148149 0.05677083333333333 0.4777777777777778
1 0.6791666666666667 0.5592592592592592 0.06041666666666667 0.4777777777777778
10 0.06744791666666666 0.5291666666666667 0.0453125 0.2898148148148148
10 0.34348958333333335 0.5388888888888889 0.0515625 0.33333333333333337
11 0.6901041666666666 0.6916666666666667 0.027083333333333334 0.20555555555555557
9 0.06536458333333334 0.23935185185185187 0.06302083333333333 0.11944444444444445
5 0.33932291666666664 0.2175925925925926 0.0546875 0.13518518518518519
5 0.54765625 0.38842592592592595 0.05260416666666667 0.125
8 0.6807291666666666 0.38333333333333336 0.057291666666666664 0.12962962962962962
