3 0.45260416666666664 0.5787037037037037 0.040625 0.1851851851851852
0 0.2869791666666667 0.47870370370370374 0.052083333333333336 0.5388888888888889
0 0.39479166666666665 0.4759259259259259 0.051041666666666666 0.5444444444444445
0 0.5526041666666667 0.46944444444444444 0.051041666666666666 0.5351851851851852
0 0.6627604166666666 0.46435185185185185 0.04635416666666667 0.5453703703703704
1 0.7143229166666667 0.5310185185185186 0.04739583333333333 0.3990740740740741
1 0.23385416666666667 0.5504629629629629 0.05 0.4138888888888889
10 0.23177083333333334 0.6027777777777777 0.03229166666666666 0.26481481481481484
10 0.2872395833333333 0.5171296296296296 0.044270833333333336 0.26944444444444443
10 0.39140625 0.513425925925926 0.030729166666666665 0.2675925925925926
10 0.5572916666666666 0.5101851851851852 0.040625 0.2611111111111111
10 0.6619791666666667 0.512962962962963 0.03958333333333333 0.2851851851851852
11 0.71484375 0.6180555555555556 0.03802083333333333 0.21944444444444444
9 0.2864583333333333 0.26296296296296295 0.04791666666666666 0.10185185185185186
5 0.7135416666666666 0.3819444444444445 0.04375 0.10833333333333334
8 0.3950520833333333 0.2564814814814815 0.0484375 0.10555555555555556
8 0.6611979166666666 0.24675925925925926 0.04635416666666667 0.10092592592592593
7 0.23255208333333333 0.4013888888888889 0.049479166666666664 0.10648148148148148
7 0.55234375 0.2564814814814815 0.050520833333333334 0.11111111111111112
