0 0.15026041666666667 0.4675925925925926 0.06927083333333334 0.6777777777777778
0 0.3697916666666667 0.46435185185185185 0.06875 0.6916666666666667
1 0.22708333333333333 0.5574074074074075 0.07083333333333333 0.5018518518518519
1 0.5075520833333333 0.5532407407407408 0.06197916666666667 0.4990740740740741
0 0.64921875 0.4564814814814815 0.0609375 0.6703703703703704
2 0.7856770833333333 0.5430555555555556 0.05572916666666666 0.49722222222222223
9 0.14973958333333334 0.20046296296296298 0.0703125 0.14351851851851852
9 0.22734374999999998 0.38287037037037036 0.0671875 0.1527777777777778
8 0.36822916666666666 0.1912037037037037 0.065625 0.14907407407407408
5 0.5091145833333334 0.37453703703703706 0.06302083333333333 0.15092592592592594
8 0.6515625 0.19074074074074074 0.06041666666666667 0.13333333333333333
7 0.78671875 0.3611111111111111 0.05572916666666666 0.14444444444444446
11 0.36822916666666666 0.6314814814814815 0.03333333333333333 0.34444444444444444
10 0.22708333333333333 0.6430555555555556 0.03854166666666667 0.31203703703703706
3 0.30104166666666665 0.5111111111111112 0.05520833333333333 0.19444444444444445
3 0.44036458333333334 0.5027777777777778 0.050520833333333334 0.18333333333333335
3 0.5809895833333333 0.4990740740740741 0.058854166666666666 0.17962962962962964
