0 0.14166666666666666 0.5078703703703704 0.06666666666666667 0.7231481481481482
0 0.3848958333333333 0.46990740740740744 0.06979166666666667 0.7620370370370371
0 0.6981770833333333 0.48194444444444445 0.06197916666666667 0.6953703703703704
1 0.5401041666666666 0.5884259259259259 0.05625 0.4990740740740741
4 0.3091145833333333 0.525462962962963 0.06614583333333333 0.20277777777777778
4 0.46484375 0.513888888888889 0.0609375 0.18703703703703706
4 0.6174479166666667 0.5092592592592593 0.058854166666666666 0.18703703703703706
2 0.8403645833333333 0.5472222222222223 0.0609375 0.5462962962962963
1 0.22369791666666666 0.5814814814814815 0.0734375 0.562962962962963
9 0.22317708333333333 0.37777777777777777 0.07239583333333333 0.15555555555555556
8 0.384375 0.17083333333333334 0.06666666666666667 0.16018518518518518
7 0.84140625 0.34675925925925927 0.058854166666666666 0.14166666666666666
10 0.22421875 0.6708333333333334 0.0390625 0.3287037037037037
10 0.7046875 0.5226851851851853 0.035416666666666666 0.3194444444444445
11 0.3875 0.662962962962963 0.035416666666666666 0.37222222222222223
