10 0.23229166666666667 0.4916666666666667 0.06875 0.26296296296296295
10 0.4908854166666667 0.5069444444444444 0.0453125 0.2657407407407408
0 0.15416666666666667 0.4620370370370371 0.07083333333333333 0.6537037037037037
0 0.2265625 0.45972222222222225 0.06979166666666667 0.637962962962963
0 0.353125 0.4527777777777778 0.07083333333333333 0.6574074074074074
0 0.47890625 0.45231481481481484 0.06302083333333333 0.6527777777777778
1 0.7348958333333333 0.524537037037037 0.05625 0.4898148148148148
9 0.15078125 0.20185185185185187 0.0640625 0.1277777777777778
9 0.22213541666666667 0.19722222222222224 0.058854166666666666 0.13148148148148148
9 0.7359375 0.35000000000000003 0.06145833333333333 0.12592592592592594
8 0.3458333333333333 0.19074074074074074 0.06145833333333333 0.1277777777777778
7 0.4765625 0.19861111111111113 0.05520833333333333 0.12685185185185185
11 0.16484375 0.6023148148148149 0.05364583333333333 0.3527777777777778
11 0.7315104166666666 0.6203703703703703 0.0515625 0.2925925925925926
