4 0.3059895833333333 0.5180555555555556 0.0484375 0.13611111111111113
4 0.5333333333333333 0.5148148148148148 0.04583333333333333 0.13333333333333333
0 0.19192708333333333 0.4865740740740741 0.050520833333333334 0.5398148148148149
0 0.421875 0.4828703703703704 0.046875 0.5435185185185185
1 0.590625 0.5555555555555556 0.04791666666666666 0.39814814814814814
1 0.6958333333333333 0.5560185185185186 0.046875 0.39166666666666666
10 0.19166666666666665 0.512962962962963 0.03854166666666667 0.2388888888888889
10 0.42265625 0.525462962962963 0.04114583333333333 0.27314814814814814
11 0.7018229166666666 0.662962962962963 0.024479166666666666 0.16666666666666669
9 0.19401041666666666 0.2689814814814815 0.0515625 0.11018518518518519
5 0.4231770833333333 0.26712962962962966 0.04635416666666667 0.11203703703703705
5 0.5908854166666666 0.4101851851851852 0.0453125 0.10370370370370371
8 0.69921875 0.41574074074074074 0.050520833333333334 0.10740740740740741
