11 0.19401041666666666 0.6935185185185185 0.0359375 0.053703703703703705
11 0.5088541666666666 0.5592592592592592 0.042708333333333334 0.30185185185185187
11 0.6135416666666667 0.6148148148148148 0.03854166666666667 0.18703703703703706
7 0.18567708333333333 0.375462962962963 0.0546875 0.10462962962962963
7 0.303125 0.3736111111111111 0.04791666666666666 0.10462962962962963
8 0.5096354166666667 0.23333333333333334 0.049479166666666664 0.11111111111111112
8 0.609375 0.3685185185185185 0.04583333333333333 0.11481481481481481
9 0.40260416666666665 0.3680555555555556 0.057291666666666664 0.11944444444444445
0 0.50859375 0.4416666666666667 0.05364583333333333 0.5481481481481482
2 0.2981770833333333 0.5148148148148148 0.0515625 0.41111111111111115
1 0.18932291666666667 0.5171296296296296 0.0609375 0.4027777777777778
1 0.40520833333333334 0.5097222222222222 0.0625 0.41203703703703703
1 0.6109375 0.5050925925925926 0.05520833333333333 0.41574074074074074
