3 0.50078125 0.6162037037037037 0.04114583333333333 0.1953703703703704
0 0.31744791666666666 0.5078703703703704 0.0546875 0.5972222222222222
0 0.43463541666666666 0.5018518518518519 0.05572916666666666 0.5944444444444444
0 0.6125 0.4962962962962963 0.05625 0.6
0 0.7369791666666666 0.4916666666666667 0.04895833333333333 0.6055555555555556
1 0.2625 0.5865740740740741 0.05520833333333333 0.4398148148148148
1 0.7953125 0.5648148148148149 0.05625 0.45740740740740743
10 0.25677083333333334 0.6370370370370371 0.034375 0.2851851851851852
10 0.3208333333333333 0.5458333333333334 0.051041666666666666 0.28240740740740744
10 0.4317708333333333 0.5435185185185185 0.034375 0.3
10 0.61953125 0.5421296296296296 0.0421875 0.2898148148148148
10 0.7341145833333333 0.5458333333333334 0.044270833333333336 0.3287037037037037
11 0.7966145833333333 0.6680555555555556 0.04010416666666666 0.24537037037037038
9 0.31744791666666666 0.27083333333333337 0.05260416666666667 0.11388888888888889
5 0.7966145833333333 0.4027777777777778 0.05677083333333333 0.12037037037037038
8 0.43515624999999997 0.26157407407407407 0.057812499999999996 0.11388888888888889
8 0.7377604166666667 0.24722222222222223 0.0546875 0.11481481481481481
7 0.26119791666666664 0.42314814814814816 0.0515625 0.11296296296296297
7 0.6130208333333333 0.2606481481481482 0.05625 0.11944444444444445
