0 0.14453125 0.537962962962963 0.05364583333333333 0.6203703703703703
1 0.21640625 0.6046296296296296 0.0609375 0.47962962962962963
0 0.35546875 0.5152777777777778 0.05572916666666666 0.6509259259259259
4 0.4239583333333333 0.5162037037037037 0.05520833333333333 0.16574074074074074
1 0.49140625 0.6157407407407408 0.04739583333333333 0.4388888888888889
0 0.5557291666666666 0.5333333333333333 0.04895833333333333 0.5925925925925926
0 0.6231770833333333 0.5347222222222222 0.04739583333333333 0.5972222222222222
3 0.684375 0.5972222222222222 0.05520833333333333 0.337037037037037
2 0.7494791666666667 0.5930555555555556 0.053125 0.4638888888888889
9 0.21588541666666666 0.4310185185185185 0.06197916666666667 0.14351851851851852
8 0.35546875 0.25462962962962965 0.05572916666666666 0.13333333333333333
7 0.7484375 0.42129629629629634 0.053125 0.12407407407407407
10 0.21484375 0.6782407407407408 0.030729166666666665 0.287962962962963
10 0.5502604166666667 0.5578703703703703 0.03802083333333333 0.27685185185185185
10 0.6283854166666667 0.5675925925925926 0.033854166666666664 0.2925925925925926
11 0.3541666666666667 0.6662037037037037 0.035416666666666666 0.34351851851851856
