4 0.28932291666666665 0.5430555555555556 0.06197916666666667 0.17500000000000002
4 0.5643229166666667 0.5157407407407407 0.05260416666666667 0.17037037037037037
0 0.1390625 0.5097222222222222 0.06875 0.6805555555555556
0 0.425 0.48888888888888893 0.059375 0.6722222222222223
1 0.63359375 0.5615740740740741 0.06197916666666667 0.48240740740740745
1 0.7596354166666667 0.5564814814814815 0.06197916666666667 0.4703703703703704
10 0.14192708333333334 0.5393518518518519 0.05260416666666667 0.2953703703703704
10 0.4296875 0.5370370370370371 0.04895833333333333 0.3388888888888889
11 0.771875 0.6851851851851852 0.022916666666666665 0.20185185185185187
9 0.13697916666666665 0.23842592592592593 0.06458333333333333 0.13055555555555556
5 0.42473958333333334 0.2212962962962963 0.058854166666666666 0.13148148148148148
5 0.6315104166666666 0.3893518518518519 0.06302083333333333 0.13425925925925927
8 0.7598958333333333 0.3805555555555556 0.057291666666666664 0.12407407407407407
