0 0.23697916666666666 0.5046296296296297 0.053125 0.587037037037037
0 0.434375 0.475462962962963 0.05520833333333333 0.6305555555555555
0 0.69375 0.48888888888888893 0.04895833333333333 0.575925925925926
1 0.3033854166666667 0.5657407407407408 0.05572916666666666 0.45740740740740743
1 0.5638020833333334 0.575462962962963 0.04635416666666667 0.4138888888888889
2 0.8182291666666667 0.5421296296296296 0.05416666666666667 0.4564814814814815
10 0.30234375 0.638888888888889 0.028645833333333332 0.2833333333333333
10 0.7018229166666666 0.5212962962962964 0.0296875 0.2740740740740741
11 0.4359375 0.6347222222222223 0.028125 0.3027777777777778
4 0.37057291666666664 0.5194444444444445 0.049479166666666664 0.16666666666666669
4 0.5002604166666667 0.5092592592592593 0.049479166666666664 0.15555555555555556
4 0.6270833333333333 0.5064814814814815 0.046875 0.16111111111111112
9 0.3028645833333333 0.39814814814814814 0.05677083333333333 0.12592592592592594
8 0.43385416666666665 0.22685185185185186 0.05625 0.13333333333333333
7 0.8171875 0.3736111111111111 0.052083333333333336 0.11944444444444445
