3 0.4744791666666667 0.5972222222222222 0.041666666666666664 0.22962962962962963
0 0.284375 0.49768518518518523 0.059375 0.612037037037037
0 0.40651041666666665 0.4902777777777778 0.057812499999999996 0.6175925925925926
0 0.5903645833333333 0.48055555555555557 0.06302083333333333 0.6055555555555556
0 0.7135416666666666 0.475462962962963 0.058333333333333334 0.612037037037037
1 0.22473958333333333 0.5805555555555556 0.058854166666666666 0.46481481481481485
1 0.7768229166666667 0.5513888888888889 0.0546875 0.45462962962962966
10 0.22213541666666667 0.6365740740740741 0.03697916666666667 0.2990740740740741
10 0.2890625 0.5416666666666667 0.052083333333333336 0.3037037037037037
10 0.40625 0.5365740740740741 0.03854166666666667 0.30462962962962964
10 0.5979166666666667 0.5287037037037037 0.04791666666666666 0.3074074074074074
10 0.7145833333333333 0.5370370370370371 0.04791666666666666 0.33333333333333337
11 0.7763020833333333 0.6537037037037037 0.049479166666666664 0.24629629629629632
9 0.2825520833333333 0.25601851851851853 0.05677083333333333 0.11944444444444445
5 0.77734375 0.3851851851851852 0.05364583333333333 0.11481481481481481
8 0.40729166666666666 0.24027777777777778 0.05416666666666667 0.1175925925925926
8 0.7130208333333333 0.22962962962962963 0.05625 0.11851851851851852
7 0.22552083333333334 0.4115740740740741 0.06041666666666667 0.1175925925925926
7 0.5908854166666666 0.24166666666666667 0.05677083333333333 0.11851851851851852
