7 0.15598958333333332 0.4013888888888889 0.0671875 0.13055555555555556
7 0.55390625 0.22962962962962963 0.06302083333333333 0.13703703703703704
9 0.22135416666666666 0.23240740740740742 0.06979166666666667 0.1388888888888889
5 0.753125 0.39675925925925926 0.057291666666666664 0.15092592592592594
8 0.3567708333333333 0.22314814814814815 0.06354166666666666 0.13518518518518519
8 0.6919270833333333 0.22222222222222224 0.06927083333333334 0.1388888888888889
1 0.159375 0.5875 0.06666666666666667 0.4990740740740741
1 0.753125 0.5745370370370371 0.053125 0.5027777777777778
1 0.22552083333333334 0.4939814814814815 0.08020833333333333 0.6601851851851852
1 0.3572916666666667 0.49444444444444446 0.065625 0.6759259259259259
1 0.5549479166666667 0.4912037037037037 0.058854166666666666 0.6694444444444445
1 0.68671875 0.49212962962962964 0.05677083333333333 0.6712962962962963
3 0.4270833333333333 0.6925925925925926 0.04583333333333333 0.2888888888888889
11 0.75 0.6865740740740741 0.04479166666666667 0.26944444444444443
10 0.14739583333333334 0.6481481481481481 0.030208333333333334 0.312962962962963
10 0.22916666666666666 0.5393518518518519 0.07604166666666666 0.26944444444444443
10 0.3453125 0.537962962962963 0.03333333333333333 0.28703703703703703
10 0.5638020833333334 0.5550925925925926 0.03697916666666667 0.30092592592592593
10 0.6872395833333333 0.5597222222222222 0.049479166666666664 0.3564814814814815
