4 0.3208333333333333 0.5513888888888889 0.053125 0.16944444444444445
4 0.5875 0.5333333333333333 0.04895833333333333 0.16481481481481483
0 0.1796875 0.5203703703703704 0.06458333333333333 0.6574074074074074
0 0.45260416666666664 0.5013888888888889 0.05625 0.6620370370370371
1 0.65625 0.5828703703703704 0.06041666666666667 0.47500000000000003
1 0.79296875 0.5814814814814815 0.059895833333333336 0.49259259259259264
10 0.18125 0.5435185185185185 0.042708333333333334 0.2777777777777778
10 0.45390625 0.549074074074074 0.0484375 0.32962962962962966
11 0.8041666666666667 0.7069444444444445 0.030208333333333334 0.2064814814814815
9 0.17708333333333334 0.25972222222222224 0.059375 0.1212962962962963
5 0.45260416666666664 0.24166666666666667 0.05625 0.1388888888888889
5 0.6575520833333334 0.4050925925925926 0.057812499999999996 0.1398148148148148
8 0.7932291666666667 0.39490740740740743 0.06041666666666667 0.13425925925925927
