11 0.10781249999999999 0.8782407407407408 0.052083333333333336 0.075
11 0.5354166666666667 0.7041666666666667 0.05416666666666667 0.4361111111111111
11 0.6778645833333333 0.7865740740740741 0.049479166666666664 0.27314814814814814
1 0.09947916666666666 0.6435185185185185 0.07708333333333334 0.5574074074074075
1 0.38619791666666664 0.6462962962962964 0.06302083333333333 0.5481481481481482
1 0.6739583333333333 0.6486111111111111 0.065625 0.5583333333333333
2 0.25104166666666666 0.6453703703703704 0.04583333333333333 0.5462962962962963
0 0.53125 0.55 0.071875 0.7555555555555555
7 0.09765625 0.4398148148148148 0.08072916666666667 0.1537037037037037
7 0.2546875 0.44537037037037036 0.06875 0.16111111111111112
8 0.53125 0.25277777777777777 0.07083333333333333 0.15185185185185185
8 0.6786458333333333 0.4486111111111111 0.071875 0.1527777777777778
9 0.38984375 0.44953703703703707 0.07135416666666666 0.15092592592592594
