11 0.65546875 0.6842592592592592 0.03177083333333333 0.22962962962962963
0 0.14010416666666667 0.4800925925925926 0.06979166666666667 0.7064814814814815
0 0.2838541666666667 0.46481481481481485 0.078125 0.6962962962962963
0 0.4361979166666667 0.4537037037037037 0.058854166666666666 0.6981481481481482
1 0.5802083333333333 0.549537037037037 0.06145833333333333 0.5064814814814815
1 0.6546875 0.5537037037037037 0.05416666666666667 0.5148148148148148
1 0.7958333333333333 0.5425925925925926 0.06354166666666666 0.5018518518518519
9 0.14479166666666665 0.20370370370370372 0.071875 0.1462962962962963
9 0.5799479166666667 0.3703703703703704 0.058854166666666666 0.1462962962962963
8 0.290625 0.19074074074074074 0.078125 0.14814814814814814
8 0.6520833333333333 0.36574074074074076 0.052083333333333336 0.14444444444444446
6 0.4393229166666667 0.1875 0.06614583333333333 0.15092592592592594
5 0.7950520833333333 0.3601851851851852 0.06510416666666667 0.1462962962962963
10 0.14270833333333333 0.5060185185185185 0.051041666666666666 0.3027777777777778
10 0.2908854166666667 0.5550925925925926 0.058854166666666666 0.39351851851851855
10 0.44427083333333334 0.4962962962962963 0.04791666666666666 0.30185185185185187
