11 0.8177083333333334 0.6439814814814815 0.03229166666666666 0.2212962962962963
0 0.15625 0.43842592592592594 0.075 0.6972222222222223
0 0.45807291666666666 0.42314814814814816 0.058854166666666666 0.6925925925925926
1 0.6703125 0.5074074074074074 0.04791666666666666 0.5037037037037038
1 0.8125 0.5097222222222222 0.065625 0.5101851851851852
9 0.15572916666666667 0.16435185185185186 0.07083333333333333 0.14351851851851852
5 0.4549479166666667 0.14444444444444446 0.0671875 0.14814814814814814
5 0.6723958333333333 0.3236111111111111 0.0625 0.14166666666666666
8 0.8109375 0.32037037037037036 0.06875 0.13148148148148148
10 0.15677083333333333 0.4671296296296297 0.04791666666666666 0.3027777777777778
10 0.47161458333333334 0.4708333333333333 0.043229166666666666 0.2953703703703704
