0 0.2484375 0.5087962962962963 0.052083333333333336 0.5472222222222223
1 0.3098958333333333 0.575925925925926 0.052083333333333336 0.40555555555555556
0 0.42135416666666664 0.4949074074074074 0.052083333333333336 0.5472222222222223
0 0.6515625 0.4810185185185185 0.053125 0.5509259259259259
1 0.5348958333333333 0.5611111111111111 0.051041666666666666 0.4
2 0.765625 0.5472222222222223 0.04895833333333333 0.40740740740740744
4 0.36796875 0.5361111111111111 0.044270833333333336 0.1425925925925926
4 0.47942708333333334 0.5226851851851853 0.043229166666666666 0.14166666666666666
4 0.59296875 0.5194444444444445 0.044270833333333336 0.14074074074074075
9 0.24947916666666667 0.29212962962962963 0.052083333333333336 0.1175925925925926
9 0.309375 0.43194444444444446 0.052083333333333336 0.1175925925925926
8 0.421875 0.2791666666666667 0.051041666666666666 0.11203703703703705
8 0.65 0.26157407407407407 0.052083333333333336 0.11574074074074074
6 0.53515625 0.41805555555555557 0.050520833333333334 0.11388888888888889
7 0.7651041666666667 0.39861111111111114 0.04791666666666666 0.11018518518518519
10 0.30807291666666664 0.6416666666666667 0.028645833333333332 0.24629629629629632
10 0.6596354166666667 0.5259259259259259 0.027604166666666666 0.24444444444444446
11 0.42265625 0.625925925925926 0.0296875 0.2851851851851852
