0 0.12942708333333333 0.47824074074074074 0.0515625 0.6157407407407408
1 0.20026041666666666 0.5449074074074074 0.0609375 0.47870370370370374
0 0.34088541666666666 0.46805555555555556 0.05260416666666667 0.6601851851851852
1 0.4747395833333333 0.5750000000000001 0.0453125 0.4462962962962963
0 0.5458333333333333 0.4962962962962963 0.052083333333333336 0.6111111111111112
0 0.6111979166666667 0.5 0.0484375 0.6018518518518519
3 0.671875 0.563425925925926 0.05 0.33981481481481485
2 0.7377604166666667 0.5666666666666667 0.050520833333333334 0.4740740740740741
10 0.1953125 0.6245370370370371 0.028125 0.28425925925925927
11 0.33541666666666664 0.6222222222222222 0.030208333333333334 0.3351851851851852
10 0.534375 0.5199074074074074 0.03229166666666666 0.2712962962962963
10 0.6127604166666667 0.5328703703703704 0.0359375 0.28611111111111115
4 0.40546875 0.46851851851851856 0.050520833333333334 0.16296296296296298
9 0.20052083333333334 0.375462962962963 0.06041666666666667 0.1398148148148148
8 0.34322916666666664 0.20277777777777778 0.05625 0.1388888888888889
7 0.7375 0.39351851851851855 0.051041666666666666 0.1277777777777778
