0 0.09166666666666666 0.47314814814814815 0.05520833333333333 0.6703703703703704
0 0.3184895833333333 0.4481481481481482 0.06302083333333333 0.7111111111111111
0 0.6119791666666666 0.4675925925925926 0.05416666666666667 0.6537037037037037
1 0.16822916666666665 0.5453703703703704 0.06666666666666667 0.5185185185185185
1 0.4630208333333333 0.5620370370370371 0.051041666666666666 0.47222222222222227
2 0.7505208333333333 0.5370370370370371 0.05625 0.5185185185185185
4 0.24270833333333333 0.49583333333333335 0.05520833333333333 0.18796296296296297
4 0.3911458333333333 0.48703703703703705 0.057291666666666664 0.17407407407407408
4 0.5346354166666667 0.487962962962963 0.049479166666666664 0.17222222222222222
10 0.16276041666666666 0.6268518518518519 0.0328125 0.3111111111111111
10 0.6171875 0.5 0.0375 0.3055555555555556
11 0.3140625 0.6277777777777778 0.03229166666666666 0.34074074074074073
9 0.16927083333333334 0.3560185185185185 0.06875 0.14351851851851852
8 0.3184895833333333 0.16666666666666669 0.0609375 0.14814814814814814
7 0.75078125 0.34490740740740744 0.05677083333333333 0.13425925925925927
