7 0.19401041666666666 0.437962962962963 0.06302083333333333 0.13518518518518519
6 0.33177083333333335 0.4310185185185185 0.053125 0.12314814814814816
9 0.45703125 0.42824074074074076 0.05677083333333333 0.13611111111111113
8 0.5830729166666666 0.25787037037037036 0.0546875 0.13796296296296298
8 0.7049479166666667 0.42685185185185187 0.0609375 0.12407407407407407
1 0.19427083333333334 0.6143518518518519 0.07604166666666666 0.47314814814814815
1 0.45677083333333335 0.6 0.046875 0.46851851851851856
1 0.7057291666666666 0.600925925925926 0.06041666666666667 0.47222222222222227
0 0.5869791666666666 0.513888888888889 0.075 0.662962962962963
2 0.3346354166666667 0.6074074074074074 0.058854166666666666 0.49259259259259264
11 0.20364583333333333 0.825925925925926 0.042708333333333334 0.05555555555555556
11 0.5838541666666667 0.6546296296296297 0.040625 0.3666666666666667
11 0.7046875 0.725462962962963 0.042708333333333334 0.22314814814814815
