3 0.4005208333333333 0.6208333333333333 0.04791666666666666 0.22870370370370371
0 0.19427083333333334 0.5143518518518518 0.065625 0.6601851851851852
0 0.3302083333333333 0.500462962962963 0.06145833333333333 0.6601851851851852
0 0.521875 0.4939814814814815 0.06041666666666667 0.637962962962963
0 0.6484375 0.48750000000000004 0.05625 0.6305555555555555
1 0.7114583333333333 0.5625 0.05416666666666667 0.4638888888888889
1 0.12838541666666667 0.6013888888888889 0.06302083333333333 0.49722222222222223
10 0.12760416666666666 0.6611111111111111 0.03958333333333333 0.31851851851851853
10 0.196875 0.5611111111111111 0.057291666666666664 0.31851851851851853
10 0.32760416666666664 0.5476851851851852 0.0375 0.3212962962962963
10 0.53046875 0.5476851851851852 0.0453125 0.31574074074074077
10 0.6484375 0.5486111111111112 0.042708333333333334 0.34351851851851856
11 0.7078125 0.6671296296296296 0.04479166666666667 0.25462962962962965
9 0.19348958333333333 0.250462962962963 0.0640625 0.13055555555555556
5 0.7096354166666666 0.39305555555555555 0.057812499999999996 0.125
8 0.33046875 0.24074074074074076 0.0640625 0.1277777777777778
8 0.6489583333333333 0.23148148148148148 0.052083333333333336 0.12407407407407407
7 0.5197916666666667 0.24305555555555555 0.059375 0.13240740740740742
7 0.12890625 0.4203703703703704 0.0640625 0.13148148148148148
