4 0.29609375 0.5537037037037037 0.058854166666666666 0.17407407407407408
4 0.5854166666666667 0.5388888888888889 0.05625 0.17777777777777778
0 0.14140625 0.5171296296296296 0.06510416666666667 0.7101851851851853
0 0.4432291666666667 0.5032407407407408 0.06041666666666667 0.7064814814814815
1 0.6580729166666667 0.587037037037037 0.0671875 0.5111111111111112
1 0.7994791666666666 0.5861111111111111 0.06145833333333333 0.5092592592592593
10 0.14401041666666667 0.5462962962962963 0.04739583333333333 0.3055555555555556
10 0.44453125 0.5564814814814815 0.050520833333333334 0.362962962962963
11 0.81328125 0.7282407407407407 0.0328125 0.21574074074074076
9 0.1421875 0.23703703703703705 0.06875 0.14444444444444446
5 0.4434895833333333 0.21851851851851853 0.06302083333333333 0.14074074074074075
5 0.659375 0.40185185185185185 0.06666666666666667 0.13703703703703704
8 0.7979166666666666 0.39351851851851855 0.06145833333333333 0.12407407407407407
