0 0.11328125 0.4481481481481482 0.07135416666666666 0.5796296296296296
0 0.23880208333333333 0.4439814814814815 0.06197916666666667 0.5861111111111111
0 0.36276041666666664 0.4416666666666667 0.0546875 0.5777777777777778
1 0.4817708333333333 0.513888888888889 0.057291666666666664 0.4185185185185185
1 0.540625 0.5199074074074074 0.057291666666666664 0.41574074074074074
1 0.653125 0.5069444444444444 0.057291666666666664 0.42129629629629634
9 0.11171874999999999 0.22268518518518518 0.07135416666666666 0.1287037037037037
8 0.23645833333333333 0.22037037037037038 0.057291666666666664 0.12407407407407407
9 0.4791666666666667 0.36712962962962964 0.05 0.12685185185185185
8 0.53984375 0.3680555555555556 0.049479166666666664 0.11944444444444445
6 0.3625 0.2189814814814815 0.057291666666666664 0.1212962962962963
5 0.6510416666666666 0.36342592592592593 0.06145833333333333 0.11388888888888889
10 0.10885416666666667 0.4814814814814815 0.04375 0.2537037037037037
10 0.24192708333333332 0.5185185185185185 0.049479166666666664 0.337037037037037
10 0.3572916666666667 0.47870370370370374 0.03854166666666667 0.24074074074074076
11 0.5424479166666667 0.6226851851851852 0.0359375 0.1953703703703704
