0 0.1546875 0.4916666666666667 0.04791666666666666 0.5666666666666667
1 0.21822916666666667 0.549537037037037 0.05416666666666667 0.4398148148148148
0 0.3458333333333333 0.46481481481481485 0.053125 0.5962962962962963
1 0.4674479166666667 0.5620370370370371 0.044270833333333336 0.40185185185185185
0 0.59140625 0.4810185185185185 0.0453125 0.5472222222222223
2 0.7065104166666667 0.5305555555555556 0.04739583333333333 0.4351851851851852
10 0.21640625 0.6189814814814815 0.027604166666666666 0.26203703703703707
4 0.284375 0.5060185185185185 0.04375 0.15462962962962964
4 0.4075520833333333 0.49583333333333335 0.0484375 0.14722222222222223
4 0.528125 0.4962962962962963 0.04479166666666667 0.1537037037037037
11 0.3450520833333333 0.6064814814814815 0.030729166666666665 0.3148148148148148
10 0.5950520833333334 0.5092592592592593 0.0296875 0.26666666666666666
9 0.21744791666666666 0.39212962962962966 0.0546875 0.125
8 0.3455729166666667 0.22824074074074074 0.05260416666666667 0.12685185185185185
7 0.70625 0.37083333333333335 0.04479166666666667 0.11018518518518519
