4 0.27708333333333335 0.5453703703703704 0.06979166666666667 0.19074074074074074
4 0.5744791666666667 0.5180555555555556 0.058333333333333334 0.1712962962962963
0 0.11510416666666666 0.5087962962962963 0.07291666666666667 0.7416666666666667
0 0.4263020833333333 0.4842592592592593 0.0640625 0.7111111111111111
1 0.6463541666666667 0.5699074074074074 0.065625 0.5120370370370371
1 0.7838541666666666 0.5560185185185186 0.06458333333333333 0.4953703703703704
10 0.11796875 0.5370370370370371 0.05572916666666666 0.32407407407407407
10 0.43046875 0.537962962962963 0.05364583333333333 0.3611111111111111
11 0.79296875 0.6972222222222223 0.021354166666666667 0.22037037037037038
9 0.1171875 0.21157407407407408 0.07083333333333333 0.14537037037037037
5 0.4270833333333333 0.19953703703703704 0.06354166666666666 0.13611111111111113
5 0.6455729166666666 0.38333333333333336 0.06197916666666667 0.13518518518518519
8 0.7830729166666667 0.37777777777777777 0.0671875 0.13148148148148148
