0 0.09036458333333333 0.4712962962962963 0.08385416666666666 0.7425925925925926
0 0.2421875 0.4569444444444445 0.07395833333333333 0.7287037037037037
0 0.3984375 0.45787037037037037 0.07083333333333333 0.7305555555555556
1 0.5471354166666667 0.5527777777777778 0.0640625 0.5222222222222223
1 0.6229166666666667 0.5527777777777778 0.065625 0.5259259259259259
1 0.7690104166666667 0.5416666666666667 0.07239583333333333 0.5296296296296297
9 0.08932291666666667 0.18287037037037038 0.08697916666666666 0.17314814814814816
9 0.5497395833333333 0.36342592592592593 0.0703125 0.14907407407407408
8 0.24270833333333333 0.1675925925925926 0.08125 0.16111111111111112
8 0.62734375 0.3625 0.07447916666666667 0.1564814814814815
6 0.39921875 0.16435185185185186 0.07552083333333333 0.14907407407407408
5 0.77109375 0.35555555555555557 0.0734375 0.15555555555555556
10 0.08932291666666667 0.5032407407407408 0.0484375 0.3212962962962963
10 0.2484375 0.5472222222222223 0.06458333333333333 0.4240740740740741
10 0.4041666666666667 0.5064814814814815 0.052083333333333336 0.3611111111111111
11 0.62578125 0.6861111111111111 0.04114583333333333 0.24814814814814815
