4 0.3411458333333333 0.4990740740740741 0.052083333333333336 0.1462962962962963
4 0.5822916666666667 0.48750000000000004 0.04791666666666666 0.14907407407407408
0 0.21119791666666665 0.46944444444444444 0.05364583333333333 0.6037037037037037
0 0.46458333333333335 0.46296296296296297 0.05625 0.6018518518518519
1 0.6484375 0.5388888888888889 0.051041666666666666 0.43703703703703706
1 0.7651041666666667 0.5342592592592593 0.053125 0.4314814814814815
10 0.21119791666666665 0.49444444444444446 0.0421875 0.26296296296296295
10 0.46041666666666664 0.5064814814814815 0.03958333333333333 0.2962962962962963
11 0.7736979166666667 0.6513888888888889 0.022395833333333334 0.18425925925925926
9 0.21197916666666666 0.23101851851851854 0.057291666666666664 0.11574074074074074
5 0.46458333333333335 0.22268518518518518 0.053125 0.11944444444444445
5 0.646875 0.3791666666666667 0.053125 0.1175925925925926
8 0.7669270833333334 0.3731481481481482 0.057812499999999996 0.10925925925925926
