1 0.22630208333333332 0.5842592592592593 0.06510416666666667 0.48703703703703705
1 0.8091145833333333 0.5555555555555556 0.06197916666666667 0.4777777777777778
0 0.28828125 0.500925925925926 0.06614583333333333 0.6555555555555556
0 0.41770833333333335 0.4898148148148148 0.0625 0.6592592592592593
0 0.61484375 0.48379629629629634 0.06614583333333333 0.6490740740740741
0 0.7463541666666667 0.4777777777777778 0.06145833333333333 0.6611111111111111
7 0.22473958333333333 0.40601851851851856 0.06197916666666667 0.13055555555555556
7 0.6153645833333333 0.2240740740740741 0.06614583333333333 0.13518518518518519
9 0.2875 0.23796296296296296 0.06770833333333333 0.13148148148148148
5 0.8098958333333334 0.3800925925925926 0.0625 0.1287037037037037
8 0.4200520833333333 0.22546296296296298 0.0640625 0.13240740740740742
8 0.746875 0.21666666666666667 0.06458333333333333 0.1388888888888889
3 0.49114583333333334 0.6625 0.04895833333333333 0.3138888888888889
11 0.8072916666666666 0.6675925925925926 0.04791666666666666 0.26666666666666666
10 0.22265625 0.6444444444444445 0.04114583333333333 0.31851851851851853
10 0.2921875 0.5231481481481481 0.06979166666666667 0.29444444444444445
10 0.41692708333333334 0.5337962962962963 0.043229166666666666 0.3212962962962963
10 0.62265625 0.5337962962962963 0.05364583333333333 0.27870370370370373
10 0.7453125 0.538425925925926 0.04791666666666666 0.3527777777777778
