0 0.20364583333333333 0.4537037037037037 0.06875 0.6592592592592593
0 0.4080729166666667 0.4537037037037037 0.06302083333333333 0.6703703703703704
0 0.6901041666666666 0.4537037037037037 0.06875 0.6796296296296297
1 0.27421875 0.5425925925925926 0.0640625 0.48703703703703705
1 0.5450520833333333 0.5453703703703704 0.06302083333333333 0.48703703703703705
2 0.8205729166666667 0.5421296296296296 0.06614583333333333 0.49722222222222223
10 0.27369791666666665 0.6078703703703704 0.043229166666666666 0.3194444444444445
11 0.4145833333333333 0.6064814814814815 0.04375 0.3314814814814815
3 0.34348958333333335 0.5 0.05677083333333333 0.18333333333333335
3 0.47890625 0.49259259259259264 0.049479166666666664 0.17777777777777778
3 0.61640625 0.5 0.0515625 0.18333333333333335
9 0.20260416666666667 0.19675925925925927 0.065625 0.14537037037037037
9 0.27239583333333334 0.3685185185185185 0.06041666666666667 0.14444444444444446
8 0.4109375 0.1925925925925926 0.065625 0.1388888888888889
8 0.6903645833333333 0.18842592592592594 0.06614583333333333 0.14907407407407408
5 0.5471354166666667 0.36574074074074076 0.06927083333333334 0.14814814814814814
7 0.8223958333333333 0.3648148148148148 0.06666666666666667 0.1462962962962963
