0 0.20885416666666667 0.4898148148148148 0.05520833333333333 0.6111111111111112
0 0.3299479166666667 0.4902777777777778 0.05364583333333333 0.612037037037037
0 0.4552083333333333 0.4902777777777778 0.05520833333333333 0.6175925925925926
0 0.5833333333333334 0.512962962962963 0.041666666666666664 0.587037037037037
0 0.71796875 0.4828703703703704 0.05677083333333333 0.6527777777777778
10 0.19661458333333334 0.49583333333333335 0.024479166666666666 0.2212962962962963
10 0.45859374999999997 0.5430555555555556 0.044270833333333336 0.2712962962962963
10 0.7174479166666666 0.5231481481481481 0.04114583333333333 0.2777777777777778
5 0.20703125 0.24861111111111112 0.05677083333333333 0.1287037037037037
6 0.33046875 0.2476851851851852 0.05364583333333333 0.13055555555555556
7 0.4552083333333333 0.24722222222222223 0.05520833333333333 0.12592592592592594
8 0.7200520833333334 0.2240740740740741 0.05572916666666666 0.13703703703703704
11 0.5841145833333333 0.6402777777777778 0.030729166666666665 0.32685185185185184
