0 0.20026041666666666 0.4828703703703704 0.058854166666666666 0.5638888888888889
1 0.26510416666666664 0.5546296296296297 0.057291666666666664 0.4240740740740741
0 0.3794270833333333 0.46481481481481485 0.057812499999999996 0.575925925925926
0 0.61640625 0.45046296296296295 0.0546875 0.5898148148148148
1 0.5033854166666667 0.5351851851851852 0.0640625 0.4240740740740741
2 0.7375 0.5199074074074074 0.05416666666666667 0.4416666666666667
3 0.3221354166666667 0.5111111111111112 0.0421875 0.15555555555555556
3 0.44479166666666664 0.4967592592592593 0.046875 0.15092592592592594
3 0.5625 0.4939814814814815 0.052083333333333336 0.16203703703703703
9 0.20260416666666667 0.25833333333333336 0.065625 0.12407407407407407
9 0.26510416666666664 0.4078703703703704 0.06041666666666667 0.11944444444444445
8 0.37838541666666664 0.24166666666666667 0.06197916666666667 0.13333333333333333
8 0.61328125 0.21666666666666667 0.057812499999999996 0.13703703703703704
5 0.49921875 0.38703703703703707 0.058854166666666666 0.13148148148148148
5 0.7354166666666666 0.36342592592592593 0.052083333333333336 0.1287037037037037
10 0.2674479166666667 0.6143518518518519 0.034895833333333334 0.28055555555555556
11 0.3846354166666667 0.6097222222222223 0.0359375 0.30092592592592593
