4 0.30442708333333335 0.5171296296296296 0.05364583333333333 0.1398148148148148
4 0.5223958333333333 0.5106481481481482 0.051041666666666666 0.12685185185185185
0 0.18541666666666667 0.4810185185185185 0.051041666666666666 0.5342592592592593
0 0.41640625 0.4842592592592593 0.04635416666666667 0.5444444444444445
1 0.5817708333333333 0.5546296296296297 0.04895833333333333 0.3944444444444445
1 0.68828125 0.5597222222222222 0.0484375 0.39537037037037037
10 0.1828125 0.5097222222222222 0.034375 0.24166666666666667
10 0.4158854166666667 0.525462962962963 0.04635416666666667 0.27685185185185185
11 0.6932291666666667 0.6657407407407407 0.021875 0.1685185185185185
9 0.18697916666666667 0.26666666666666666 0.052083333333333336 0.10925925925925926
5 0.41692708333333334 0.26712962962962966 0.04739583333333333 0.10648148148148148
5 0.58125 0.41064814814814815 0.05 0.10462962962962963
8 0.68984375 0.41435185185185186 0.050520833333333334 0.11203703703703705
