0 0.24765625 0.5291666666666667 0.0609375 0.6361111111111112
0 0.45078124999999997 0.5203703703703704 0.06197916666666667 0.6425925925925926
0 0.721875 0.5101851851851852 0.06145833333333333 0.65
1 0.3190104166666667 0.6092592592592593 0.057812499999999996 0.46851851851851856
1 0.5830729166666666 0.5995370370370371 0.0609375 0.47314814814814815
2 0.8546874999999999 0.5875 0.05625 0.4842592592592593
4 0.38776041666666666 0.5671296296296297 0.0484375 0.1712962962962963
4 0.5197916666666667 0.5518518518518519 0.04895833333333333 0.16481481481481483
4 0.653125 0.5481481481481482 0.05 0.16481481481481483
10 0.31666666666666665 0.6888888888888889 0.03125 0.2814814814814815
10 0.7283854166666667 0.5671296296296297 0.03177083333333333 0.2898148148148148
11 0.453125 0.674074074074074 0.03125 0.3351851851851852
9 0.24765625 0.2800925925925926 0.058854166666666666 0.13796296296296298
9 0.3184895833333333 0.4449074074074074 0.058854166666666666 0.13611111111111113
8 0.45026041666666666 0.26435185185185184 0.058854166666666666 0.1287037037037037
8 0.7221354166666667 0.2523148148148148 0.059895833333333336 0.13425925925925927
6 0.5841145833333333 0.4328703703703704 0.0609375 0.13611111111111113
7 0.8546874999999999 0.41111111111111115 0.05625 0.1277777777777778
