0 0.18854166666666666 0.4550925925925926 0.06354166666666666 0.6712962962962963
0 0.4778645833333333 0.4305555555555556 0.06302083333333333 0.6777777777777778
1 0.6864583333333333 0.5115740740740741 0.06041666666666667 0.4916666666666667
1 0.821875 0.5069444444444444 0.06041666666666667 0.4898148148148148
9 0.18958333333333333 0.18425925925925926 0.06979166666666667 0.1462962962962963
5 0.475 0.1638888888888889 0.05520833333333333 0.1388888888888889
5 0.6854166666666667 0.34074074074074073 0.05625 0.1277777777777778
8 0.8234374999999999 0.33055555555555555 0.06875 0.13148148148148148
10 0.19088541666666667 0.47731481481481486 0.04010416666666666 0.27314814814814814
10 0.48593749999999997 0.4740740740740741 0.041666666666666664 0.26851851851851855
11 0.8296875 0.6421296296296296 0.030208333333333334 0.20462962962962963
4 0.61015625 0.46620370370370373 0.05677083333333333 0.17314814814814816
4 0.33125 0.48194444444444445 0.057291666666666664 0.17500000000000002
