7 0.15494791666666666 0.4356481481481482 0.07239583333333333 0.14537037037037037
8 0.22135416666666666 0.24814814814814815 0.06354166666666666 0.13703703703703704
9 0.3580729166666667 0.4273148148148148 0.0609375 0.13796296296296298
9 0.7776041666666667 0.23796296296296296 0.06354166666666666 0.1462962962962963
5 0.49973958333333335 0.4236111111111111 0.07447916666666667 0.13425925925925927
5 0.6348958333333333 0.40185185185185185 0.071875 0.13148148148148148
1 0.15989583333333332 0.6046296296296296 0.075 0.48333333333333334
1 0.35963541666666665 0.6018518518518519 0.06197916666666667 0.48888888888888893
1 0.49374999999999997 0.600925925925926 0.06458333333333333 0.48888888888888893
1 0.6296875 0.5912037037037037 0.057291666666666664 0.5101851851851852
11 0.15338541666666666 0.7416666666666667 0.028645833333333332 0.20555555555555557
11 0.22265625 0.674537037037037 0.0421875 0.3453703703703704
11 0.7708333333333334 0.6625 0.04583333333333333 0.3564814814814815
10 0.12317708333333333 0.7384259259259259 0.03697916666666667 0.21574074074074076
10 0.36432291666666666 0.6787037037037037 0.0484375 0.29814814814814816
10 0.63984375 0.6856481481481482 0.034895833333333334 0.3101851851851852
4 0.2921875 0.5569444444444445 0.05 0.1638888888888889
4 0.428125 0.5504629629629629 0.04479166666666667 0.16944444444444445
4 0.5638020833333334 0.5453703703703704 0.04739583333333333 0.17037037037037037
