0 0.10859375 0.5421296296296296 0.0703125 0.7138888888888889
0 0.41119791666666666 0.5231481481481481 0.0640625 0.7074074074074075
1 0.6296875 0.5949074074074074 0.06041666666666667 0.4953703703703704
1 0.7690104166666667 0.5958333333333333 0.058854166666666666 0.5120370370370371
9 0.10781249999999999 0.2569444444444445 0.071875 0.14351851851851852
5 0.4114583333333333 0.23842592592592593 0.06770833333333333 0.14166666666666666
5 0.6302083333333334 0.41712962962962963 0.06041666666666667 0.13796296296296298
8 0.7669270833333334 0.40925925925925927 0.059895833333333336 0.1388888888888889
10 0.11145833333333333 0.5736111111111112 0.052083333333333336 0.3138888888888889
10 0.4158854166666667 0.5740740740740741 0.057812499999999996 0.35555555555555557
4 0.26536458333333335 0.5726851851851852 0.05260416666666667 0.19722222222222224
4 0.5575520833333333 0.5569444444444445 0.057812499999999996 0.17500000000000002
11 0.7807291666666667 0.7268518518518519 0.022916666666666665 0.2111111111111111
