0 0.16614583333333333 0.4935185185185185 0.05 0.6277777777777778
1 0.23958333333333334 0.5611111111111111 0.06041666666666667 0.4962962962962963
4 0.31145833333333334 0.513888888888889 0.052083333333333336 0.17962962962962964
0 0.37864583333333335 0.4666666666666667 0.06145833333333333 0.662962962962963
4 0.44895833333333335 0.5023148148148149 0.05 0.1675925925925926
1 0.515625 0.5731481481481482 0.046875 0.43703703703703706
4 0.58203125 0.5041666666666667 0.0484375 0.16018518518518518
0 0.65390625 0.4842592592592593 0.04739583333333333 0.6166666666666667
2 0.7817708333333333 0.5453703703703704 0.052083333333333336 0.48333333333333334
10 0.23671875 0.638888888888889 0.0328125 0.3
9 0.23932291666666666 0.3814814814814815 0.0609375 0.1388888888888889
8 0.3802083333333333 0.20601851851851852 0.06145833333333333 0.14166666666666666
7 0.7833333333333333 0.3662037037037037 0.052083333333333336 0.125
11 0.37786458333333334 0.625 0.030729166666666665 0.3462962962962963
10 0.6606770833333333 0.5106481481481482 0.033854166666666664 0.28611111111111115
