11 0.609375 0.6416666666666667 0.028125 0.20740740740740743
0 0.16041666666666665 0.4675925925925926 0.06979166666666667 0.6148148148148148
0 0.29010416666666666 0.46111111111111114 0.06354166666666666 0.6111111111111112
0 0.41744791666666664 0.4444444444444445 0.06822916666666666 0.6018518518518519
1 0.5447916666666667 0.5259259259259259 0.057291666666666664 0.43333333333333335
1 0.6083333333333333 0.524537037037037 0.06041666666666667 0.4416666666666667
1 0.7294270833333333 0.5157407407407407 0.05677083333333333 0.4425925925925926
9 0.16119791666666666 0.2351851851851852 0.06510416666666667 0.13148148148148148
9 0.5458333333333333 0.3699074074074074 0.06145833333333333 0.13055555555555556
8 0.28932291666666665 0.22083333333333335 0.058854166666666666 0.12685185185185185
8 0.6052083333333333 0.3662037037037037 0.06041666666666667 0.125
6 0.4166666666666667 0.21435185185185185 0.06145833333333333 0.13611111111111113
5 0.7294270833333333 0.3611111111111111 0.05677083333333333 0.12962962962962962
10 0.15963541666666667 0.4962962962962963 0.03802083333333333 0.2574074074074074
10 0.29609375 0.5351851851851852 0.050520833333333334 0.3462962962962963
10 0.4263020833333333 0.48888888888888893 0.04010416666666666 0.26296296296296295
