0 0.10572916666666667 0.4467592592592593 0.07291666666666667 0.6546296296296297
0 0.24427083333333333 0.4393518518518519 0.06770833333333333 0.6416666666666667
0 0.3846354166666667 0.4305555555555556 0.06822916666666666 0.6444444444444445
1 0.5145833333333333 0.5125000000000001 0.06041666666666667 0.46944444444444444
1 0.5778645833333333 0.5157407407407407 0.04739583333333333 0.45740740740740743
1 0.7033854166666667 0.5013888888888889 0.05364583333333333 0.45462962962962966
11 0.58125 0.6412037037037037 0.022916666666666665 0.20277777777777778
10 0.10182291666666667 0.47870370370370374 0.03697916666666667 0.2777777777777778
10 0.24765625 0.5189814814814815 0.05260416666666667 0.375
10 0.39348958333333334 0.47361111111111115 0.0390625 0.2657407407407408
9 0.10234375 0.19212962962962965 0.0609375 0.13611111111111113
9 0.5080729166666667 0.34861111111111115 0.057812499999999996 0.13425925925925927
8 0.24322916666666666 0.1824074074074074 0.065625 0.13703703703703704
8 0.5794270833333334 0.3476851851851852 0.049479166666666664 0.13055555555555556
6 0.3809895833333333 0.18055555555555555 0.06197916666666667 0.12962962962962962
5 0.7033854166666667 0.3402777777777778 0.05677083333333333 0.13240740740740742
