7 0.140625 0.4481481481481482 0.08229166666666667 0.1537037037037037
6 0.29765625 0.45231481481481484 0.06927083333333334 0.13611111111111113
9 0.43203125 0.4601851851851852 0.07760416666666667 0.1462962962962963
8 0.5666666666666667 0.274537037037037 0.07291666666666667 0.15462962962962964
8 0.7018229166666666 0.45231481481481484 0.07447916666666667 0.16574074074074074
1 0.14921875 0.6398148148148148 0.08177083333333333 0.5314814814814816
1 0.42734374999999997 0.6541666666666667 0.0671875 0.5342592592592593
1 0.6950520833333333 0.6365740740740741 0.07239583333333333 0.5268518518518519
0 0.5622395833333333 0.5481481481481482 0.06822916666666666 0.7037037037037037
2 0.29635416666666664 0.6458333333333334 0.07083333333333333 0.525
11 0.14869791666666665 0.8722222222222222 0.04739583333333333 0.07037037037037037
11 0.5619791666666667 0.6907407407407408 0.05 0.3944444444444445
11 0.69140625 0.7712962962962964 0.04635416666666667 0.24074074074074076
