0 0.16458333333333333 0.4986111111111111 0.053125 0.6342592592592593
1 0.23385416666666667 0.563425925925926 0.06145833333333333 0.49722222222222223
4 0.3072916666666667 0.5148148148148148 0.05 0.17962962962962964
0 0.3763020833333333 0.46990740740740744 0.059895833333333336 0.6694444444444445
4 0.4421875 0.5064814814814815 0.052083333333333336 0.16296296296296298
1 0.5135416666666667 0.575462962962963 0.052083333333333336 0.4398148148148148
4 0.5802083333333333 0.5069444444444444 0.04895833333333333 0.16203703703703703
0 0.6518229166666667 0.48935185185185187 0.049479166666666664 0.6138888888888889
2 0.77890625 0.5472222222222223 0.05572916666666666 0.48333333333333334
10 0.23046875 0.637962962962963 0.0328125 0.3037037037037037
11 0.37604166666666666 0.6300925925925926 0.03125 0.3472222222222222
10 0.6567708333333333 0.5194444444444445 0.03333333333333333 0.2925925925925926
9 0.234375 0.38333333333333336 0.06041666666666667 0.1425925925925926
8 0.3768229166666667 0.20370370370370372 0.0609375 0.14074074074074075
7 0.7794270833333333 0.3675925925925926 0.05364583333333333 0.1277777777777778
