11 0.6875 0.6111111111111112 0.04583333333333333 0.2537037037037037
11 0.13072916666666667 0.600925925925926 0.05625 0.35555555555555557
0 0.12213541666666666 0.4564814814814815 0.0671875 0.6462962962962964
0 0.19244791666666666 0.4652777777777778 0.0671875 0.6527777777777778
0 0.3223958333333333 0.4513888888888889 0.06770833333333333 0.6324074074074074
0 0.4497395833333333 0.4513888888888889 0.05677083333333333 0.6175925925925926
1 0.68359375 0.5185185185185185 0.049479166666666664 0.4666666666666667
9 0.1203125 0.20046296296296298 0.06041666666666667 0.14351851851851852
9 0.18932291666666667 0.20416666666666666 0.058854166666666666 0.13055555555555556
9 0.6854166666666667 0.3574074074074074 0.058333333333333334 0.12222222222222223
8 0.32526041666666666 0.20092592592592592 0.06197916666666667 0.12407407407407407
7 0.4497395833333333 0.21064814814814817 0.058854166666666666 0.13425925925925927
10 0.20494791666666667 0.4865740740740741 0.0546875 0.23425925925925928
10 0.45807291666666666 0.4898148148148148 0.04739583333333333 0.2388888888888889
