4 0.34088541666666666 0.5611111111111111 0.057812499999999996 0.17407407407407408
4 0.61015625 0.5462962962962963 0.05572916666666666 0.16296296296296298
0 0.19765625 0.525 0.058854166666666666 0.6555555555555556
0 0.475 0.5152777777777778 0.057291666666666664 0.6675925925925926
1 0.6799479166666667 0.5962962962962963 0.0609375 0.48703703703703705
1 0.8203125 0.5930555555555556 0.06041666666666667 0.48055555555555557
10 0.1984375 0.5518518518518519 0.046875 0.2851851851851852
10 0.4778645833333333 0.5638888888888889 0.049479166666666664 0.3388888888888889
11 0.8302083333333333 0.7282407407407407 0.030208333333333334 0.2138888888888889
9 0.19921875 0.2662037037037037 0.0671875 0.13055555555555556
5 0.4744791666666667 0.24814814814814815 0.058333333333333334 0.13703703703703704
5 0.6828125 0.41944444444444445 0.06145833333333333 0.13333333333333333
8 0.8184895833333333 0.41203703703703703 0.059895833333333336 0.12962962962962962
