7 0.1109375 0.3995370370370371 0.075 0.14166666666666666
6 0.2565104166666667 0.39305555555555555 0.06302083333333333 0.13055555555555556
9 0.3755208333333333 0.39166666666666666 0.06875 0.13703703703703704
8 0.5 0.22777777777777777 0.06875 0.16111111111111112
8 0.6174479166666667 0.39166666666666666 0.07135416666666666 0.14444444444444446
1 0.12083333333333333 0.5648148148148149 0.09375 0.5055555555555555
1 0.38255208333333335 0.5592592592592592 0.07864583333333333 0.47962962962962963
1 0.62109375 0.5518518518518519 0.0640625 0.47962962962962963
0 0.5075520833333333 0.48333333333333334 0.07760416666666667 0.6555555555555556
2 0.25755208333333335 0.5685185185185185 0.0703125 0.48703703703703705
11 0.125 0.7898148148148149 0.059375 0.07222222222222223
11 0.5015625 0.612037037037037 0.041666666666666664 0.34074074074074073
11 0.6135416666666667 0.6708333333333334 0.03333333333333333 0.225
