4 0.21328125 0.5305555555555556 0.057812499999999996 0.16666666666666669
4 0.48046875 0.5111111111111112 0.0515625 0.16111111111111112
0 0.06875 0.4949074074074074 0.06666666666666667 0.6509259259259259
0 0.34348958333333335 0.47824074074074074 0.0609375 0.6546296296296297
1 0.5471354166666667 0.5620370370370371 0.058854166666666666 0.4814814814814815
1 0.6778645833333333 0.5587962962962963 0.057812499999999996 0.4712962962962963
10 0.06927083333333334 0.525 0.04375 0.2851851851851852
10 0.3463541666666667 0.5296296296296297 0.04895833333333333 0.32407407407407407
11 0.6869791666666667 0.688425925925926 0.028125 0.20833333333333334
9 0.06796875 0.23148148148148148 0.06614583333333333 0.12407407407407407
5 0.34270833333333334 0.21944444444444444 0.05625 0.12407407407407407
5 0.5450520833333333 0.38472222222222224 0.05260416666666667 0.1175925925925926
8 0.6783854166666666 0.37962962962962965 0.05364583333333333 0.12222222222222223
