0 0.18723958333333332 0.5407407407407407 0.07135416666666666 0.6185185185185186
0 0.2505208333333333 0.549074074074074 0.065625 0.6222222222222222
0 0.3763020833333333 0.5458333333333334 0.059895833333333336 0.6287037037037038
0 0.4984375 0.5333333333333333 0.06041666666666667 0.6185185185185186
1 0.7463541666666667 0.6055555555555556 0.057291666666666664 0.4777777777777778
9 0.18177083333333333 0.2949074074074074 0.05520833333333333 0.13425925925925927
9 0.24687499999999998 0.2967592592592593 0.06145833333333333 0.12685185185185185
9 0.7458333333333333 0.4416666666666667 0.059375 0.13333333333333333
8 0.3763020833333333 0.29305555555555557 0.06822916666666666 0.13425925925925927
7 0.4973958333333333 0.2939814814814815 0.05625 0.13611111111111113
11 0.19270833333333334 0.6819444444444445 0.05416666666666667 0.3416666666666667
11 0.7505208333333333 0.7060185185185186 0.046875 0.27314814814814814
10 0.2578125 0.5768518518518518 0.06145833333333333 0.24814814814814815
10 0.5140625 0.5842592592592593 0.04583333333333333 0.24444444444444446
