0 0.20520833333333333 0.42453703703703705 0.06354166666666666 0.6157407407407408
0 0.33515625 0.41712962962962963 0.06822916666666666 0.6361111111111112
0 0.4661458333333333 0.41250000000000003 0.06666666666666667 0.6268518518518519
1 0.5950520833333334 0.4939814814814815 0.0671875 0.4620370370370371
1 0.6541666666666667 0.49583333333333335 0.04791666666666666 0.45092592592592595
1 0.7752604166666667 0.48750000000000004 0.043229166666666666 0.4601851851851852
9 0.19973958333333333 0.1824074074074074 0.06302083333333333 0.12592592592592594
9 0.5908854166666666 0.3416666666666667 0.0609375 0.1388888888888889
5 0.7854166666666667 0.33194444444444443 0.06145833333333333 0.1398148148148148
6 0.46432291666666664 0.16990740740740742 0.0546875 0.13611111111111113
8 0.32916666666666666 0.17407407407407408 0.06145833333333333 0.12962962962962962
8 0.6552083333333333 0.33240740740740743 0.05625 0.13333333333333333
10 0.20442708333333334 0.45972222222222225 0.0390625 0.2638888888888889
10 0.33489583333333334 0.49768518518518523 0.04791666666666666 0.3527777777777778
10 0.47369791666666666 0.45787037037037037 0.043229166666666666 0.25277777777777777
11 0.66015625 0.6185185185185186 0.024479166666666666 0.20925925925925926
