4 0.31744791666666666 0.49074074074074076 0.057812499999999996 0.1537037037037037
4 0.5567708333333333 0.4740740740740741 0.05625 0.15555555555555556
0 0.18619791666666666 0.4587962962962963 0.058854166666666666 0.5861111111111111
0 0.4354166666666667 0.4449074074074074 0.05520833333333333 0.5898148148148148
1 0.61796875 0.5143518518518518 0.049479166666666664 0.42685185185185187
1 0.7348958333333333 0.5157407407407407 0.051041666666666666 0.42962962962962964
10 0.18828125 0.48564814814814816 0.03697916666666667 0.2564814814814815
10 0.4388020833333333 0.4953703703703704 0.043229166666666666 0.3055555555555556
11 0.74375 0.6314814814814815 0.021875 0.18333333333333335
9 0.18776041666666665 0.2240740740740741 0.05572916666666666 0.11666666666666667
5 0.43645833333333334 0.21064814814814817 0.052083333333333336 0.11944444444444445
5 0.6203125 0.36388888888888893 0.05 0.12407407407407407
8 0.7380208333333333 0.3560185185185185 0.052083333333333336 0.10462962962962963
