3 0.3013020833333333 0.4791666666666667 0.057812499999999996 0.16574074074074074
3 0.425 0.46111111111111114 0.04583333333333333 0.15925925925925927
3 0.5502604166666667 0.4513888888888889 0.0546875 0.16203703703703703
0 0.1671875 0.4439814814814815 0.06458333333333333 0.600925925925926
0 0.3567708333333333 0.4300925925925926 0.06458333333333333 0.6138888888888889
0 0.60859375 0.4064814814814815 0.058854166666666666 0.6148148148148148
1 0.23333333333333334 0.5231481481481481 0.059375 0.4425925925925926
1 0.4856770833333333 0.5013888888888889 0.0671875 0.44907407407407407
1 0.73828125 0.48055555555555557 0.057812499999999996 0.45925925925925926
10 0.23515624999999998 0.5856481481481481 0.043229166666666666 0.28611111111111115
11 0.3638020833333333 0.5731481481481482 0.04635416666666667 0.32407407407407407
9 0.16588541666666667 0.20787037037037037 0.0640625 0.1287037037037037
9 0.23333333333333334 0.36388888888888893 0.06145833333333333 0.12037037037037038
8 0.35572916666666665 0.18935185185185185 0.06041666666666667 0.13055555555555556
8 0.609375 0.16666666666666669 0.058333333333333334 0.12962962962962962
5 0.48333333333333334 0.3425925925925926 0.0625 0.13703703703703704
7 0.7375 0.3231481481481482 0.05625 0.13703703703703704
