4 0.24348958333333334 0.49953703703703706 0.057812499999999996 0.15833333333333333
4 0.5083333333333333 0.49074074074074076 0.05520833333333333 0.1574074074074074
0 0.10546875 0.4675925925925926 0.0671875 0.6425925925925926
0 0.37421875 0.4550925925925926 0.058854166666666666 0.6435185185185185
1 0.5778645833333333 0.537962962962963 0.059895833333333336 0.47222222222222227
1 0.7059895833333333 0.5421296296296296 0.05572916666666666 0.48240740740740745
10 0.10598958333333333 0.4981481481481482 0.050520833333333334 0.27592592592592596
10 0.3755208333333333 0.5023148148148149 0.051041666666666666 0.3287037037037037
11 0.7138020833333333 0.6685185185185185 0.025520833333333333 0.20740740740740743
9 0.10625 0.2111111111111111 0.06041666666666667 0.12222222222222223
5 0.375 0.19212962962962965 0.05520833333333333 0.13240740740740742
5 0.5778645833333333 0.36388888888888893 0.05677083333333333 0.12962962962962962
8 0.7072916666666667 0.36435185185185187 0.053125 0.11944444444444445
