4 0.3325520833333333 0.5328703703703704 0.044270833333333336 0.13611111111111113
4 0.53515625 0.5240740740740741 0.04739583333333333 0.12407407407407407
0 0.22317708333333333 0.4962962962962963 0.04635416666666667 0.5074074074074074
0 0.4359375 0.4986111111111111 0.04479166666666667 0.5064814814814815
1 0.5888020833333333 0.5648148148148149 0.0484375 0.3740740740740741
1 0.6885416666666666 0.5648148148148149 0.046875 0.3740740740740741
10 0.22552083333333334 0.5189814814814815 0.03333333333333333 0.21944444444444444
10 0.43671875 0.537962962962963 0.03802083333333333 0.2574074074074074
11 0.6940104166666666 0.6648148148148149 0.022395833333333334 0.16111111111111112
9 0.22421875 0.3 0.049479166666666664 0.10555555555555556
5 0.4359375 0.2976851851851852 0.042708333333333334 0.09907407407407408
5 0.5888020833333333 0.4310185185185185 0.044270833333333336 0.09722222222222222
8 0.6895833333333333 0.4305555555555556 0.04583333333333333 0.09814814814814815
