3 0.43385416666666665 0.5476851851851852 0.04479166666666667 0.18981481481481483
0 0.25338541666666664 0.4430555555555556 0.0546875 0.5768518518518518
0 0.37213541666666666 0.4365740740740741 0.0546875 0.5824074074074075
0 0.5393229166666667 0.42453703703703705 0.0546875 0.5675925925925926
0 0.6546875 0.4222222222222222 0.04895833333333333 0.5685185185185185
1 0.709375 0.48935185185185187 0.04895833333333333 0.4138888888888889
1 0.19739583333333333 0.5194444444444445 0.053125 0.4351851851851852
10 0.19479166666666667 0.5750000000000001 0.034375 0.2851851851851852
10 0.25729166666666664 0.4842592592592593 0.046875 0.2833333333333333
10 0.36822916666666666 0.47731481481481486 0.03229166666666666 0.28240740740740744
10 0.54609375 0.4740740740740741 0.0359375 0.2777777777777778
10 0.6526041666666667 0.47685185185185186 0.03958333333333333 0.312962962962963
11 0.71015625 0.5865740740740741 0.0390625 0.22314814814814815
9 0.2515625 0.21296296296296297 0.052083333333333336 0.11481481481481481
5 0.7098958333333333 0.3402777777777778 0.04791666666666666 0.11203703703703705
8 0.3736979166666667 0.20601851851851852 0.049479166666666664 0.11203703703703705
8 0.6546875 0.19444444444444445 0.046875 0.10740740740740741
7 0.19869791666666667 0.35879629629629634 0.05364583333333333 0.11388888888888889
7 0.5375 0.20324074074074075 0.053125 0.11388888888888889
