1 0.23072916666666665 0.5509259259259259 0.05 0.37592592592592594
1 0.3302083333333333 0.549074074074074 0.04895833333333333 0.37962962962962965
1 0.42942708333333335 0.5402777777777777 0.0453125 0.3787037037037037
0 0.5268229166666667 0.4865740740740741 0.049479166666666664 0.48055555555555557
1 0.6309895833333333 0.5305555555555556 0.049479166666666664 0.37777777777777777
0 0.6830729166666667 0.4763888888888889 0.043229166666666666 0.48240740740740745
10 0.23906249999999998 0.6125 0.03333333333333333 0.20277777777777778
10 0.6963541666666666 0.500462962962963 0.014583333333333334 0.14537037037037037
11 0.43333333333333335 0.6268518518518519 0.035416666666666666 0.20555555555555557
11 0.5302083333333333 0.5791666666666667 0.040625 0.2916666666666667
11 0.63203125 0.6305555555555555 0.03697916666666667 0.17777777777777778
7 0.22864583333333333 0.4134259259259259 0.04791666666666666 0.10833333333333334
5 0.3294270833333333 0.41203703703703703 0.04739583333333333 0.10555555555555556
6 0.4283854166666667 0.4041666666666667 0.043229166666666666 0.10648148148148148
8 0.63046875 0.39212962962962966 0.04635416666666667 0.10648148148148148
