11 0.20729166666666665 0.6310185185185185 0.04479166666666667 0.30462962962962964
11 0.7005208333333334 0.649537037037037 0.0375 0.23425925925925928
0 0.20286458333333332 0.5041666666666667 0.05572916666666666 0.5509259259259259
0 0.259375 0.5037037037037038 0.06145833333333333 0.5648148148148149
0 0.37005208333333334 0.5027777777777778 0.050520833333333334 0.562962962962963
0 0.4822916666666667 0.500925925925926 0.05625 0.5555555555555556
1 0.7018229166666666 0.563425925925926 0.0484375 0.4175925925925926
9 0.19739583333333333 0.28935185185185186 0.051041666666666666 0.11203703703703705
9 0.2578125 0.2884259259259259 0.05416666666666667 0.11944444444444445
9 0.7015625 0.4185185185185185 0.052083333333333336 0.11111111111111112
8 0.36953125 0.28055555555555556 0.0515625 0.11481481481481481
7 0.4796875 0.29120370370370374 0.051041666666666666 0.11203703703703705
10 0.26588541666666665 0.5328703703703704 0.05364583333333333 0.22314814814814815
10 0.4942708333333333 0.5449074074074074 0.04375 0.21944444444444444
