3 0.49244791666666665 0.611574074074074 0.0421875 0.20462962962962963
0 0.3111979166666667 0.5037037037037038 0.05572916666666666 0.5851851851851853
0 0.4270833333333333 0.500462962962963 0.052083333333333336 0.5972222222222222
0 0.603125 0.4967592592592593 0.058333333333333334 0.5990740740740741
0 0.7291666666666666 0.487962962962963 0.05625 0.6055555555555556
1 0.2526041666666667 0.5814814814814815 0.05625 0.4425925925925926
1 0.7864583333333334 0.5583333333333333 0.057291666666666664 0.4462962962962963
10 0.25026041666666665 0.638888888888889 0.030729166666666665 0.2851851851851852
10 0.31354166666666666 0.5504629629629629 0.046875 0.2972222222222222
10 0.425 0.5416666666666667 0.03125 0.29074074074074074
10 0.6109375 0.5425925925925926 0.040625 0.29814814814814816
10 0.7276041666666666 0.5467592592592593 0.04375 0.3287037037037037
11 0.7885416666666667 0.663425925925926 0.042708333333333334 0.24537037037037038
9 0.3104166666666667 0.27222222222222225 0.052083333333333336 0.11111111111111112
5 0.7888020833333333 0.4041666666666667 0.0515625 0.1212962962962963
8 0.4283854166666667 0.2564814814814815 0.0515625 0.11481481481481481
8 0.7294270833333333 0.2449074074074074 0.050520833333333334 0.11203703703703705
7 0.6028645833333334 0.25972222222222224 0.058854166666666666 0.1175925925925926
7 0.253125 0.4222222222222222 0.05416666666666667 0.10925925925925926
