0 0.15026041666666667 0.4217592592592593 0.06614583333333333 0.5916666666666667
0 0.21536458333333333 0.42083333333333334 0.0671875 0.5805555555555556
0 0.3375 0.4152777777777778 0.05625 0.5972222222222222
0 0.45468749999999997 0.412962962962963 0.05520833333333333 0.587037037037037
1 0.6895833333333333 0.47731481481481486 0.051041666666666666 0.437962962962963
9 0.1453125 0.18703703703703706 0.06145833333333333 0.12037037037037038
9 0.21171874999999998 0.18611111111111112 0.057812499999999996 0.11481481481481481
9 0.6875 0.32222222222222224 0.06041666666666667 0.12037037037037038
8 0.33307291666666666 0.1824074074074074 0.050520833333333334 0.11666666666666667
7 0.45338541666666665 0.18333333333333335 0.049479166666666664 0.11481481481481481
11 0.16302083333333334 0.5560185185185186 0.053125 0.325
11 0.6932291666666667 0.5750000000000001 0.035416666666666666 0.2537037037037037
10 0.22213541666666667 0.4550925925925926 0.0671875 0.225
10 0.46770833333333334 0.4671296296296297 0.03958333333333333 0.24351851851851852
