4 0.33671875 0.5259259259259259 0.04635416666666667 0.13148148148148148
4 0.53671875 0.5152777777777778 0.04114583333333333 0.1287037037037037
0 0.23177083333333334 0.4930555555555556 0.04583333333333333 0.48055555555555557
0 0.43828125 0.4949074074074074 0.044270833333333336 0.4990740740740741
1 0.5893229166666667 0.5550925925925926 0.0453125 0.3472222222222222
1 0.6854166666666667 0.5537037037037037 0.042708333333333334 0.3574074074074074
10 0.23046875 0.5148148148148148 0.033854166666666664 0.21296296296296297
10 0.43854166666666666 0.525462962962963 0.03958333333333333 0.2490740740740741
11 0.6916666666666667 0.6560185185185186 0.020833333333333332 0.1527777777777778
9 0.23255208333333333 0.3037037037037037 0.04114583333333333 0.09814814814814815
5 0.4375 0.2976851851851852 0.042708333333333334 0.10092592592592593
5 0.5885416666666666 0.4273148148148148 0.040625 0.09537037037037037
8 0.6875 0.4291666666666667 0.04375 0.09537037037037037
