0 0.16119791666666666 0.48888888888888893 0.04739583333333333 0.5833333333333334
1 0.22890625 0.5509259259259259 0.05572916666666666 0.4537037037037037
0 0.3580729166666667 0.4638888888888889 0.057812499999999996 0.6111111111111112
4 0.29375 0.5055555555555555 0.04895833333333333 0.1685185185185185
4 0.42161458333333335 0.49722222222222223 0.04635416666666667 0.1462962962962963
4 0.5442708333333334 0.4990740740740741 0.041666666666666664 0.14814814814814814
1 0.48333333333333334 0.5625 0.046875 0.4027777777777778
0 0.6075520833333333 0.4791666666666667 0.0453125 0.5638888888888889
2 0.728125 0.5319444444444444 0.04895833333333333 0.44722222222222224
9 0.22734374999999998 0.3875 0.05572916666666666 0.12685185185185185
8 0.35703125 0.2199074074074074 0.0546875 0.12685185185185185
7 0.7278645833333334 0.3689814814814815 0.04739583333333333 0.1175925925925926
10 0.22526041666666666 0.6212962962962963 0.028645833333333332 0.27222222222222225
10 0.6143229166666666 0.5046296296296297 0.034895833333333334 0.27037037037037037
11 0.35651041666666666 0.6138888888888889 0.033854166666666664 0.31851851851851853
