4 0.2916666666666667 0.5388888888888889 0.057291666666666664 0.1685185185185185
4 0.55703125 0.5125000000000001 0.0546875 0.16203703703703703
0 0.14479166666666665 0.5060185185185185 0.065625 0.6527777777777778
0 0.42526041666666664 0.4842592592592593 0.058854166666666666 0.6518518518518519
1 0.6268229166666667 0.5583333333333333 0.058854166666666666 0.4703703703703704
1 0.75390625 0.5509259259259259 0.05677083333333333 0.4703703703703704
10 0.14895833333333333 0.5388888888888889 0.05 0.2851851851851852
10 0.4278645833333333 0.5356481481481482 0.0484375 0.32685185185185184
11 0.76640625 0.6819444444444445 0.0234375 0.19907407407407407
9 0.1453125 0.24675925925925926 0.06458333333333333 0.125
5 0.4276041666666667 0.22777777777777777 0.05625 0.13148148148148148
5 0.6291666666666667 0.38842592592592595 0.05625 0.125
8 0.75546875 0.37962962962962965 0.058854166666666666 0.12222222222222223
