4 0.303125 0.513425925925926 0.04583333333333333 0.14537037037037037
4 0.5216145833333333 0.5120370370370371 0.04635416666666667 0.12962962962962962
0 0.19036458333333334 0.4810185185185185 0.050520833333333334 0.5342592592592593
0 0.4140625 0.47685185185185186 0.04791666666666666 0.5259259259259259
1 0.5776041666666667 0.5504629629629629 0.046875 0.3842592592592593
1 0.6856770833333333 0.5513888888888889 0.0453125 0.3824074074074074
10 0.18802083333333333 0.5069444444444444 0.0375 0.22685185185185186
10 0.41432291666666665 0.5175925925925926 0.0453125 0.27037037037037037
11 0.6861979166666666 0.6574074074074074 0.019270833333333334 0.16111111111111112
9 0.18932291666666667 0.26712962962962966 0.0484375 0.10277777777777779
5 0.41354166666666664 0.27083333333333337 0.046875 0.11388888888888889
5 0.5783854166666667 0.41064814814814815 0.0453125 0.10462962962962963
8 0.6830729166666667 0.40972222222222227 0.0453125 0.10462962962962963
