4 0.32421875 0.5375 0.057812499999999996 0.16574074074074074
4 0.5807291666666666 0.5268518518518519 0.052083333333333336 0.15925925925925927
0 0.18541666666666667 0.49953703703703706 0.06145833333333333 0.6287037037037038
0 0.45208333333333334 0.4916666666666667 0.05625 0.6444444444444445
1 0.6505208333333333 0.5731481481481482 0.058333333333333334 0.47962962962962963
1 0.7807291666666667 0.5717592592592593 0.058333333333333334 0.47314814814814815
10 0.18671875 0.5310185185185186 0.0421875 0.27314814814814814
10 0.4518229166666667 0.5416666666666667 0.044270833333333336 0.32962962962962966
11 0.790625 0.701388888888889 0.030208333333333334 0.20462962962962963
9 0.18619791666666666 0.24444444444444446 0.058854166666666666 0.12962962962962962
5 0.45078124999999997 0.23935185185185187 0.05364583333333333 0.1287037037037037
5 0.6505208333333333 0.4027777777777778 0.05416666666666667 0.13518518518518519
8 0.7794270833333333 0.4013888888888889 0.057812499999999996 0.13055555555555556
