10 0.08802083333333333 0.5662037037037038 0.059375 0.3231481481481482
10 0.4005208333333333 0.5666666666666667 0.059375 0.3703703703703704
0 0.08515625 0.525462962962963 0.07239583333333333 0.7212962962962963
0 0.3971354166666667 0.5064814814814815 0.059895833333333336 0.7166666666666667
1 0.6203125 0.5916666666666667 0.06354166666666666 0.5166666666666667
1 0.76015625 0.587962962962963 0.059895833333333336 0.5185185185185185
9 0.08411458333333333 0.23935185185185187 0.07135416666666666 0.15462962962962964
5 0.3989583333333333 0.22268518518518518 0.06458333333333333 0.1527777777777778
5 0.6197916666666666 0.40694444444444444 0.06458333333333333 0.14351851851851852
8 0.7596354166666667 0.3990740740740741 0.06197916666666667 0.1425925925925926
11 0.771875 0.7222222222222222 0.026041666666666668 0.22222222222222224
4 0.24947916666666667 0.5671296296296297 0.06458333333333333 0.18981481481481483
4 0.5466145833333333 0.5467592592592593 0.057812499999999996 0.1824074074074074
