0 0.16770833333333332 0.47314814814814815 0.046875 0.5185185185185185
1 0.22864583333333333 0.5282407407407408 0.051041666666666666 0.4027777777777778
0 0.34322916666666664 0.45231481481481484 0.04791666666666666 0.5472222222222223
4 0.4028645833333333 0.4476851851851852 0.0453125 0.1398148148148148
1 0.46067708333333335 0.5324074074074074 0.03802083333333333 0.3648148148148148
0 0.5145833333333333 0.4666666666666667 0.0375 0.5055555555555555
0 0.5705729166666667 0.4652777777777778 0.0359375 0.5027777777777778
3 0.6255208333333333 0.5166666666666667 0.04583333333333333 0.2925925925925926
2 0.68046875 0.5106481481481482 0.044270833333333336 0.39166666666666666
9 0.22838541666666667 0.3814814814814815 0.0515625 0.11481481481481481
8 0.34270833333333334 0.23194444444444445 0.04895833333333333 0.11018518518518519
7 0.68046875 0.36712962962962964 0.043229166666666666 0.10833333333333334
10 0.22916666666666666 0.5856481481481481 0.03125 0.25833333333333336
11 0.3450520833333333 0.5805555555555556 0.030729166666666665 0.2888888888888889
10 0.5109375 0.4847222222222222 0.03333333333333333 0.22870370370370371
10 0.5752604166666666 0.49074074074074076 0.025520833333333333 0.2518518518518519
