4 0.3203125 0.49583333333333335 0.057291666666666664 0.15092592592592594
4 0.5541666666666667 0.4842592592592593 0.051041666666666666 0.14074074074074075
0 0.19557291666666665 0.4601851851851852 0.057812499999999996 0.575925925925926
0 0.4361979166666667 0.45092592592592595 0.058854166666666666 0.5703703703703704
1 0.6143229166666666 0.5268518518518519 0.0484375 0.4166666666666667
1 0.73046875 0.525462962962963 0.050520833333333334 0.4101851851851852
10 0.19609375 0.48935185185185187 0.04010416666666666 0.25833333333333336
10 0.43906249999999997 0.5 0.04791666666666666 0.29444444444444445
11 0.7346354166666667 0.638888888888889 0.025520833333333333 0.1814814814814815
9 0.19427083333333334 0.23148148148148148 0.052083333333333336 0.11666666666666667
5 0.43671875 0.225 0.05260416666666667 0.11851851851851852
5 0.6130208333333333 0.3717592592592593 0.051041666666666666 0.10833333333333334
8 0.7299479166666667 0.3736111111111111 0.04635416666666667 0.10462962962962963
