1 0.20598958333333334 0.5430555555555556 0.050520833333333334 0.3731481481481482
1 0.30364583333333334 0.5398148148148149 0.04895833333333333 0.3740740740740741
1 0.40260416666666665 0.5314814814814816 0.04583333333333333 0.37592592592592594
0 0.49973958333333335 0.47500000000000003 0.0484375 0.46851851851851856
1 0.59765625 0.5194444444444445 0.04739583333333333 0.37222222222222223
0 0.6497395833333334 0.46620370370370373 0.04114583333333333 0.4675925925925926
7 0.20338541666666665 0.4078703703703704 0.04739583333333333 0.10648148148148148
5 0.3028645833333333 0.4013888888888889 0.0453125 0.09722222222222222
6 0.40182291666666664 0.3939814814814815 0.043229166666666666 0.10648148148148148
8 0.5971354166666667 0.38472222222222224 0.0421875 0.10277777777777779
10 0.21302083333333333 0.6041666666666667 0.03229166666666666 0.20277777777777778
11 0.40598958333333335 0.6171296296296297 0.033854166666666664 0.20462962962962963
11 0.5028645833333333 0.5648148148148149 0.04010416666666666 0.2851851851851852
11 0.6010416666666667 0.6171296296296297 0.03854166666666667 0.17685185185185187
10 0.6625 0.4967592592592593 0.015625 0.12685185185185185
