4 0.27760416666666665 0.537962962962963 0.06354166666666666 0.1962962962962963
4 0.5729166666666666 0.5106481481481482 0.059375 0.18055555555555555
0 0.10781249999999999 0.5013888888888889 0.06875 0.7490740740740741
0 0.4265625 0.47870370370370374 0.06458333333333333 0.7240740740740741
1 0.6471354166666666 0.562962962962963 0.06510416666666667 0.5166666666666667
1 0.7859375 0.5555555555555556 0.065625 0.5092592592592593
10 0.11171874999999999 0.5337962962962963 0.05260416666666667 0.3287037037037037
10 0.4278645833333333 0.5324074074074074 0.05572916666666666 0.3703703703703704
11 0.7981770833333334 0.6930555555555555 0.025520833333333333 0.22314814814814815
9 0.10963541666666667 0.19907407407407407 0.0703125 0.1462962962962963
5 0.4270833333333333 0.18888888888888888 0.06354166666666666 0.1462962962962963
5 0.6494791666666666 0.375462962962963 0.065625 0.1287037037037037
8 0.7833333333333333 0.3652777777777778 0.0625 0.13611111111111113
