0 0.1359375 0.4615740740740741 0.052083333333333336 0.6157407407407408
1 0.20572916666666666 0.5347222222222222 0.06145833333333333 0.4861111111111111
0 0.34348958333333335 0.4513888888888889 0.05364583333333333 0.6435185185185185
4 0.4088541666666667 0.4564814814814815 0.04895833333333333 0.16296296296296298
1 0.4770833333333333 0.5597222222222222 0.04375 0.4305555555555556
0 0.5440104166666666 0.48564814814814816 0.04739583333333333 0.5953703703703704
0 0.61171875 0.4898148148148148 0.050520833333333334 0.6
3 0.6705729166666666 0.5537037037037037 0.050520833333333334 0.3425925925925926
2 0.7364583333333333 0.5560185185185186 0.04895833333333333 0.4712962962962963
9 0.20625 0.3615740740740741 0.06041666666666667 0.14351851851851852
8 0.3442708333333333 0.19305555555555556 0.05520833333333333 0.13240740740740742
7 0.7385416666666667 0.3819444444444445 0.046875 0.12685185185185185
11 0.3372395833333333 0.6050925925925926 0.027604166666666666 0.33611111111111114
10 0.19973958333333333 0.6055555555555556 0.027604166666666666 0.2925925925925926
10 0.5348958333333333 0.5078703703703704 0.03229166666666666 0.2638888888888889
10 0.6143229166666666 0.5175925925925926 0.0390625 0.2851851851851852
