0 0.13880208333333333 0.48379629629629634 0.05572916666666666 0.6398148148148148
1 0.21276041666666667 0.5509259259259259 0.06197916666666667 0.49444444444444446
0 0.35494791666666664 0.4564814814814815 0.06302083333333333 0.6703703703703704
4 0.2856770833333333 0.5037037037037038 0.05260416666666667 0.17962962962962964
4 0.4236979166666667 0.49444444444444446 0.0515625 0.16296296296296298
4 0.559375 0.49583333333333335 0.052083333333333336 0.1638888888888889
1 0.4908854166666667 0.5652777777777778 0.0484375 0.4416666666666667
0 0.6286458333333333 0.4763888888888889 0.04583333333333333 0.6138888888888889
2 0.7578125 0.5337962962962963 0.052083333333333336 0.47870370370370374
9 0.21171874999999998 0.3731481481481482 0.0609375 0.1388888888888889
8 0.35390625 0.19444444444444445 0.0609375 0.1388888888888889
7 0.7567708333333333 0.35694444444444445 0.051041666666666666 0.125
10 0.20911458333333333 0.6300925925925926 0.034895833333333334 0.30092592592592593
11 0.3533854166666667 0.6203703703703703 0.030729166666666665 0.34444444444444444
10 0.63359375 0.5041666666666667 0.0359375 0.2916666666666667
