7 0.15885416666666666 0.4569444444444445 0.08125 0.14722222222222223
6 0.30052083333333335 0.45787037037037037 0.065625 0.14722222222222223
9 0.42890625 0.4625 0.0703125 0.14351851851851852
8 0.55703125 0.28750000000000003 0.058854166666666666 0.14722222222222223
8 0.6833333333333333 0.45972222222222225 0.06354166666666666 0.1398148148148148
1 0.16276041666666666 0.6439814814814815 0.07552083333333333 0.5027777777777778
1 0.42604166666666665 0.6416666666666667 0.06979166666666667 0.4981481481481482
1 0.68203125 0.625462962962963 0.06302083333333333 0.48240740740740745
2 0.29635416666666664 0.6337962962962963 0.053125 0.500925925925926
0 0.5565104166666667 0.5569444444444445 0.06302083333333333 0.6768518518518519
11 0.16953125 0.850462962962963 0.049479166666666664 0.075
11 0.5559895833333334 0.688425925925926 0.04739583333333333 0.3768518518518519
11 0.6794270833333333 0.7574074074074074 0.04114583333333333 0.2351851851851852
