3 0.4828125 0.6037037037037037 0.042708333333333334 0.20370370370370372
0 0.29791666666666666 0.49768518518518523 0.052083333333333336 0.5916666666666667
0 0.41822916666666665 0.4916666666666667 0.05416666666666667 0.6
0 0.5934895833333333 0.4861111111111111 0.05364583333333333 0.5944444444444444
0 0.7190104166666667 0.48055555555555557 0.05260416666666667 0.5981481481481482
1 0.24088541666666666 0.576388888888889 0.057812499999999996 0.44351851851851853
1 0.7747395833333334 0.5504629629629629 0.05572916666666666 0.437962962962963
10 0.23854166666666665 0.6268518518518519 0.034375 0.29074074074074074
10 0.30026041666666664 0.5402777777777777 0.04739583333333333 0.2916666666666667
10 0.4140625 0.5365740740740741 0.034375 0.2953703703703704
10 0.6010416666666667 0.5328703703703704 0.03854166666666667 0.28240740740740744
10 0.71640625 0.537962962962963 0.044270833333333336 0.32592592592592595
11 0.77734375 0.65 0.043229166666666666 0.2351851851851852
9 0.2981770833333333 0.25787037037037036 0.0546875 0.1212962962962963
5 0.7763020833333333 0.39305555555555555 0.0546875 0.11388888888888889
8 0.41875 0.24814814814814815 0.05520833333333333 0.11296296296296297
8 0.7182291666666667 0.23750000000000002 0.053125 0.10833333333333334
7 0.24088541666666666 0.4134259259259259 0.059895833333333336 0.11203703703703705
7 0.5934895833333333 0.2476851851851852 0.049479166666666664 0.11574074074074074
