4 0.31223958333333335 0.5342592592592593 0.049479166666666664 0.13518518518518519
4 0.52578125 0.5337962962962963 0.04635416666666667 0.1287037037037037
0 0.20364583333333333 0.5097222222222222 0.052083333333333336 0.513888888888889
0 0.42083333333333334 0.500925925925926 0.04479166666666667 0.5111111111111112
1 0.5783854166666667 0.5685185185185185 0.0453125 0.3685185185185185
1 0.6822916666666666 0.5675925925925926 0.04375 0.3703703703703704
10 0.20286458333333332 0.5296296296296297 0.033854166666666664 0.22592592592592595
10 0.42135416666666664 0.5416666666666667 0.03854166666666667 0.2611111111111111
11 0.68515625 0.6731481481481482 0.021354166666666667 0.1574074074074074
9 0.20286458333333332 0.3037037037037037 0.050520833333333334 0.09814814814814815
5 0.4203125 0.29814814814814816 0.04375 0.1
5 0.5796875 0.4342592592592593 0.042708333333333334 0.0962962962962963
8 0.6846354166666666 0.4351851851851852 0.044270833333333336 0.09814814814814815
