0 0.15390625 0.5268518518518519 0.05260416666666667 0.5814814814814815
1 0.221875 0.5902777777777778 0.06145833333333333 0.4638888888888889
0 0.35442708333333334 0.5037037037037038 0.05677083333333333 0.6222222222222222
4 0.41822916666666665 0.5041666666666667 0.051041666666666666 0.15833333333333333
1 0.48385416666666664 0.5981481481481482 0.04583333333333333 0.4222222222222222
0 0.5442708333333334 0.5231481481481481 0.041666666666666664 0.5611111111111111
0 0.6083333333333333 0.5212962962962964 0.04375 0.5648148148148149
3 0.6658854166666667 0.5777777777777778 0.05260416666666667 0.31851851851851853
2 0.7283854166666667 0.5740740740740741 0.0484375 0.4481481481481482
9 0.22135416666666666 0.42592592592592593 0.0625 0.13518518518518519
8 0.35442708333333334 0.2569444444444445 0.05677083333333333 0.12685185185185185
7 0.7299479166666667 0.4134259259259259 0.049479166666666664 0.1212962962962963
11 0.35234375 0.6513888888888889 0.0296875 0.3212962962962963
10 0.22057291666666667 0.6625 0.0296875 0.28240740740740744
10 0.5403645833333334 0.5421296296296296 0.03697916666666667 0.2564814814814815
10 0.6143229166666666 0.5504629629629629 0.0328125 0.26944444444444443
