0 0.2 0.42824074074074076 0.06458333333333333 0.6324074074074074
0 0.3346354166666667 0.41620370370370374 0.06510416666666667 0.625
0 0.46015625 0.41250000000000003 0.044270833333333336 0.6212962962962963
1 0.58671875 0.4902777777777778 0.05364583333333333 0.4361111111111111
1 0.6572916666666666 0.4953703703703704 0.06041666666666667 0.45925925925925926
1 0.78046875 0.4865740740740741 0.0546875 0.4675925925925926
9 0.19921875 0.18796296296296297 0.058854166666666666 0.1388888888888889
9 0.5893229166666667 0.33472222222222225 0.05364583333333333 0.13796296296296298
8 0.6575520833333334 0.32962962962962966 0.0546875 0.13333333333333333
8 0.3286458333333333 0.1736111111111111 0.05520833333333333 0.1398148148148148
5 0.7848958333333333 0.32685185185185184 0.06041666666666667 0.1388888888888889
6 0.4640625 0.17453703703703705 0.057291666666666664 0.14166666666666666
10 0.19921875 0.45462962962962966 0.04114583333333333 0.26296296296296295
10 0.3328125 0.5 0.04375 0.34814814814814815
10 0.46953125 0.45972222222222225 0.03802083333333333 0.25277777777777777
11 0.6552083333333333 0.6157407407407408 0.026041666666666668 0.20925925925925926
