0 0.18880208333333334 0.4842592592592593 0.057812499999999996 0.5814814814814815
0 0.37005208333333334 0.49722222222222223 0.0421875 0.5425925925925926
1 0.49192708333333335 0.5569444444444445 0.05364583333333333 0.4324074074074074
4 0.4315104166666667 0.5120370370370371 0.044270833333333336 0.15185185185185185
4 0.5526041666666667 0.5189814814814815 0.042708333333333334 0.15462962962962964
4 0.6122395833333333 0.5106481481481482 0.044270833333333336 0.1527777777777778
3 0.6700520833333333 0.5842592592592593 0.0484375 0.312962962962963
5 0.18723958333333332 0.2555555555555556 0.05677083333333333 0.11851851851851852
8 0.4908854166666667 0.40046296296296297 0.05260416666666667 0.12314814814814816
11 0.37109375 0.6203703703703703 0.028645833333333332 0.3092592592592593
10 0.17916666666666667 0.48750000000000004 0.027083333333333334 0.21203703703703705
