4 0.3364583333333333 0.4842592592592593 0.05520833333333333 0.16666666666666669
4 0.5903645833333333 0.4763888888888889 0.049479166666666664 0.15833333333333333
0 0.20338541666666665 0.4476851851851852 0.058854166666666666 0.625
0 0.4661458333333333 0.4416666666666667 0.051041666666666666 0.6222222222222222
1 0.6575520833333334 0.5194444444444445 0.0546875 0.46111111111111114
1 0.7822916666666666 0.5148148148148148 0.052083333333333336 0.45555555555555555
10 0.203125 0.4791666666666667 0.04479166666666667 0.27314814814814814
10 0.46588541666666666 0.4916666666666667 0.0453125 0.31666666666666665
11 0.7901041666666666 0.6407407407407407 0.022916666666666665 0.19444444444444445
9 0.20182291666666666 0.2013888888888889 0.05572916666666666 0.12685185185185185
5 0.4653645833333333 0.19814814814814816 0.057812499999999996 0.1388888888888889
5 0.6559895833333333 0.3550925925925926 0.0546875 0.1175925925925926
8 0.7828125 0.34861111111111115 0.059375 0.11944444444444445
