4 0.31223958333333335 0.4990740740740741 0.0546875 0.17592592592592593
4 0.5776041666666667 0.487962962962963 0.052083333333333336 0.1574074074074074
0 0.17135416666666667 0.46574074074074073 0.059375 0.6407407407407407
0 0.44036458333333334 0.4601851851851852 0.06197916666666667 0.6537037037037037
1 0.6471354166666666 0.5393518518518519 0.05677083333333333 0.48055555555555557
1 0.7752604166666667 0.5333333333333333 0.059895833333333336 0.47222222222222227
10 0.17473958333333334 0.5 0.04635416666666667 0.27592592592592596
10 0.44036458333333334 0.4981481481481482 0.050520833333333334 0.32407407407407407
11 0.784375 0.6625 0.027083333333333334 0.20092592592592592
9 0.17161458333333332 0.2162037037037037 0.06197916666666667 0.13240740740740742
5 0.44140625 0.19444444444444445 0.06197916666666667 0.13518518518518519
5 0.6447916666666667 0.3625 0.06041666666666667 0.13240740740740742
8 0.7747395833333334 0.3597222222222222 0.06197916666666667 0.12685185185185185
