0 0.12864583333333332 0.4351851851851852 0.046875 0.5166666666666667
1 0.1921875 0.4935185185185185 0.05625 0.40740740740740744
0 0.3091145833333333 0.412962962962963 0.050520833333333334 0.55
4 0.3658854166666667 0.4134259259259259 0.044270833333333336 0.13796296296296298
1 0.42552083333333335 0.4981481481481482 0.03958333333333333 0.3611111111111111
0 0.48203124999999997 0.4314814814814815 0.0390625 0.49444444444444446
0 0.5354166666666667 0.42638888888888893 0.0375 0.500925925925926
3 0.5864583333333333 0.4800925925925926 0.03958333333333333 0.27870370370370373
2 0.6403645833333333 0.47500000000000003 0.0421875 0.3907407407407408
9 0.190625 0.3453703703703704 0.051041666666666666 0.11296296296296297
8 0.3091145833333333 0.1962962962962963 0.050520833333333334 0.11481481481481481
7 0.6388020833333333 0.3314814814814815 0.0421875 0.10740740740740741
10 0.1921875 0.5564814814814815 0.03125 0.24074074074074076
10 0.47604166666666664 0.4486111111111111 0.03333333333333333 0.23055555555555557
10 0.53984375 0.45416666666666666 0.027604166666666666 0.23796296296296296
