0 0.10911458333333333 0.4430555555555556 0.06927083333333334 0.6046296296296296
0 0.23723958333333334 0.4361111111111111 0.058854166666666666 0.6018518518518519
0 0.36328125 0.4226851851851852 0.06197916666666667 0.5916666666666667
1 0.48671875 0.5037037037037038 0.05364583333333333 0.43333333333333335
1 0.5458333333333333 0.5018518518518519 0.053125 0.4166666666666667
1 0.6572916666666666 0.4912037037037037 0.04895833333333333 0.41944444444444445
9 0.10651041666666666 0.2050925925925926 0.06302083333333333 0.11944444444444445
9 0.48385416666666664 0.3490740740740741 0.059375 0.1277777777777778
8 0.23723958333333334 0.19166666666666668 0.06197916666666667 0.12222222222222223
8 0.5458333333333333 0.3513888888888889 0.053125 0.1287037037037037
6 0.36354166666666665 0.19675925925925927 0.06458333333333333 0.13055555555555556
5 0.6606770833333333 0.3425925925925926 0.05364583333333333 0.12222222222222223
10 0.10625 0.4708333333333333 0.035416666666666666 0.25092592592592594
10 0.23880208333333333 0.5041666666666667 0.0453125 0.3416666666666667
10 0.3653645833333333 0.45972222222222225 0.03802083333333333 0.25277777777777777
11 0.54921875 0.6055555555555556 0.0328125 0.20925925925925926
