7 0.08255208333333333 0.41805555555555557 0.0765625 0.14907407407407408
8 0.1515625 0.22453703703703703 0.07395833333333333 0.1287037037037037
9 0.29270833333333335 0.40694444444444444 0.06979166666666667 0.13425925925925927
9 0.6822916666666666 0.22731481481481483 0.06145833333333333 0.12685185185185185
5 0.4270833333333333 0.3912037037037037 0.06354166666666666 0.12685185185185185
5 0.5557291666666666 0.3726851851851852 0.059375 0.13796296296296298
10 0.05182291666666666 0.7226851851851852 0.033854166666666664 0.18981481481481483
10 0.3015625 0.6449074074074075 0.036458333333333336 0.2601851851851852
10 0.56640625 0.6263888888888889 0.0265625 0.24537037037037038
11 0.08411458333333333 0.7268518518518519 0.033854166666666664 0.20740740740740743
11 0.15911458333333334 0.6643518518518519 0.0453125 0.3175925925925926
11 0.684375 0.6097222222222223 0.04583333333333333 0.3175925925925926
4 0.22369791666666666 0.5263888888888889 0.05572916666666666 0.16203703703703703
4 0.36354166666666665 0.5189814814814815 0.040625 0.1638888888888889
4 0.49166666666666664 0.5106481481481482 0.04583333333333333 0.1638888888888889
1 0.08307291666666666 0.5884259259259259 0.07135416666666666 0.4898148148148148
1 0.29453125 0.5680555555555555 0.06510416666666667 0.47685185185185186
1 0.4393229166666667 0.5569444444444445 0.0765625 0.47500000000000003
1 0.55625 0.5416666666666667 0.06145833333333333 0.47222222222222227
0 0.15390625 0.48888888888888893 0.08385416666666666 0.674074074074074
0 0.6854166666666667 0.47222222222222227 0.06354166666666666 0.5981481481481482
