7 0.14817708333333332 0.4388888888888889 0.07239583333333333 0.1425925925925926
7 0.5375 0.26805555555555555 0.06458333333333333 0.13425925925925927
9 0.20963541666666666 0.27314814814814814 0.06510416666666667 0.13518518518518519
5 0.73828125 0.42962962962962964 0.06197916666666667 0.14444444444444446
8 0.34479166666666666 0.26805555555555555 0.06875 0.13055555555555556
8 0.6747395833333333 0.2625 0.06927083333333334 0.13796296296296298
1 0.146875 0.6180555555555556 0.06979166666666667 0.4953703703703704
1 0.73828125 0.6050925925925926 0.06197916666666667 0.4953703703703704
0 0.21666666666666667 0.537962962962963 0.07708333333333334 0.662962962962963
0 0.3458333333333333 0.5328703703703704 0.06770833333333333 0.6601851851851852
0 0.5385416666666667 0.5365740740740741 0.06875 0.6694444444444445
0 0.66953125 0.5222222222222223 0.06197916666666667 0.662962962962963
3 0.41692708333333334 0.7106481481481481 0.0515625 0.3175925925925926
11 0.7385416666666667 0.7189814814814816 0.04791666666666666 0.26944444444444443
10 0.13802083333333334 0.6870370370370371 0.03333333333333333 0.3
10 0.21770833333333334 0.5703703703703704 0.06041666666666667 0.2574074074074074
10 0.33489583333333334 0.5643518518518519 0.026041666666666668 0.25277777777777777
10 0.5473958333333333 0.5824074074074075 0.0375 0.2740740740740741
10 0.6703125 0.5921296296296297 0.052083333333333336 0.36574074074074076
