7 0.14661458333333333 0.40555555555555556 0.08489583333333334 0.13148148148148148
6 0.284375 0.412962962962963 0.065625 0.1277777777777778
9 0.409375 0.41805555555555557 0.06979166666666667 0.1564814814814815
8 0.5356770833333333 0.25 0.07552083333333333 0.1388888888888889
8 0.6611979166666666 0.4185185185185185 0.06197916666666667 0.14444444444444446
1 0.15208333333333332 0.5814814814814815 0.090625 0.512962962962963
1 0.4114583333333333 0.5814814814814815 0.07604166666666666 0.47962962962962963
1 0.6669270833333333 0.5893518518518519 0.07760416666666667 0.48240740740740745
0 0.5354166666666667 0.5018518518518519 0.065625 0.6685185185185185
2 0.28151041666666665 0.5888888888888889 0.06614583333333333 0.49444444444444446
11 0.16328125 0.7907407407407407 0.04635416666666667 0.05925925925925926
11 0.5388020833333333 0.6472222222222223 0.057812499999999996 0.3740740740740741
11 0.6591145833333333 0.7055555555555556 0.05572916666666666 0.2388888888888889
