4 0.31223958333333335 0.5101851851851852 0.05364583333333333 0.13703703703703704
4 0.5395833333333333 0.5074074074074074 0.046875 0.13333333333333333
0 0.19322916666666667 0.48055555555555557 0.053125 0.5518518518518519
0 0.4265625 0.48055555555555557 0.051041666666666666 0.5574074074074075
1 0.5963541666666666 0.5504629629629629 0.04791666666666666 0.4046296296296297
1 0.70390625 0.5462962962962963 0.049479166666666664 0.3944444444444445
10 0.19557291666666665 0.5083333333333333 0.043229166666666666 0.2388888888888889
10 0.4278645833333333 0.5175925925925926 0.0421875 0.27037037037037037
11 0.7114583333333333 0.6592592592592593 0.025 0.17407407407407408
9 0.19348958333333333 0.2625 0.0484375 0.11203703703703705
5 0.4270833333333333 0.25833333333333336 0.046875 0.10555555555555556
5 0.5971354166666667 0.40370370370370373 0.044270833333333336 0.10185185185185186
8 0.7059895833333333 0.4027777777777778 0.0453125 0.10370370370370371
