3 0.4453125 0.6828703703703703 0.041666666666666664 0.20092592592592592
1 0.19114583333333332 0.6453703703703704 0.06041666666666667 0.4537037037037037
1 0.7427083333333333 0.6180555555555556 0.052083333333333336 0.44907407407407407
0 0.25234375 0.5648148148148149 0.0609375 0.6129629629629629
0 0.3770833333333333 0.5611111111111111 0.058333333333333334 0.6166666666666667
0 0.559375 0.5523148148148148 0.058333333333333334 0.6101851851851852
0 0.6833333333333333 0.5462962962962963 0.05416666666666667 0.6111111111111112
10 0.19010416666666666 0.7064814814814815 0.03854166666666667 0.30185185185185187
10 0.2544270833333333 0.6092592592592593 0.0515625 0.3
10 0.37526041666666665 0.6060185185185185 0.0359375 0.3027777777777778
10 0.5677083333333334 0.5976851851851852 0.03958333333333333 0.2953703703703704
10 0.6861979166666666 0.6060185185185185 0.04635416666666667 0.32685185185185184
11 0.7442708333333333 0.7240740740740741 0.04479166666666667 0.24074074074074076
9 0.2520833333333333 0.3212962962962963 0.05625 0.12222222222222223
7 0.19192708333333333 0.48055555555555557 0.058854166666666666 0.11851851851851852
7 0.559375 0.3111111111111111 0.058333333333333334 0.11666666666666667
8 0.37838541666666664 0.30972222222222223 0.05677083333333333 0.11018518518518519
8 0.6854166666666667 0.29953703703703705 0.05625 0.1212962962962963
5 0.74609375 0.45416666666666666 0.05364583333333333 0.11944444444444445
