4 0.31536458333333334 0.5486111111111112 0.05572916666666666 0.1675925925925926
4 0.5848958333333333 0.5310185185185186 0.052083333333333336 0.16574074074074074
0 0.175 0.5101851851851852 0.0625 0.6462962962962964
0 0.44869791666666664 0.4986111111111111 0.0546875 0.6620370370370371
1 0.6567708333333333 0.5777777777777778 0.05625 0.4851851851851852
1 0.7901041666666666 0.5708333333333333 0.06041666666666667 0.4861111111111111
11 0.80078125 0.7055555555555556 0.028645833333333332 0.21296296296296297
10 0.17838541666666666 0.5416666666666667 0.0453125 0.2888888888888889
10 0.4510416666666667 0.5453703703703704 0.053125 0.32222222222222224
9 0.17473958333333334 0.25092592592592594 0.057812499999999996 0.13148148148148148
5 0.45078124999999997 0.23657407407407408 0.05364583333333333 0.1287037037037037
5 0.6559895833333333 0.40046296296296297 0.0546875 0.1287037037037037
8 0.7895833333333333 0.3976851851851852 0.06145833333333333 0.13796296296296298
