3 0.45677083333333335 0.6074074074074074 0.04791666666666666 0.19814814814814816
0 0.27421875 0.5087962962962963 0.058854166666666666 0.5898148148148148
0 0.3921875 0.49768518518518523 0.05416666666666667 0.5972222222222222
0 0.56484375 0.487962962962963 0.058854166666666666 0.5740740740740741
0 0.6815104166666667 0.47685185185185186 0.050520833333333334 0.5851851851851853
1 0.21614583333333334 0.5884259259259259 0.05520833333333333 0.44351851851851853
1 0.73671875 0.5453703703703704 0.0515625 0.43333333333333335
10 0.21536458333333333 0.6412037037037037 0.0390625 0.28425925925925927
10 0.27760416666666665 0.5444444444444445 0.04375 0.29444444444444445
10 0.3880208333333333 0.5393518518518519 0.036458333333333336 0.2898148148148148
10 0.57109375 0.5351851851851852 0.04114583333333333 0.27222222222222225
10 0.6830729166666667 0.5324074074074074 0.0453125 0.3111111111111111
11 0.7395833333333334 0.6435185185185185 0.04375 0.22592592592592595
9 0.27369791666666665 0.274537037037037 0.05260416666666667 0.1175925925925926
5 0.7380208333333333 0.38657407407407407 0.04895833333333333 0.1175925925925926
8 0.39140625 0.2564814814814815 0.05260416666666667 0.11481481481481481
8 0.68125 0.24351851851851852 0.04583333333333333 0.10740740740740741
7 0.21666666666666667 0.4240740740740741 0.053125 0.11481481481481481
7 0.56484375 0.2574074074074074 0.050520833333333334 0.11296296296296297
