4 0.33958333333333335 0.4930555555555556 0.052083333333333336 0.1527777777777778
4 0.5744791666666667 0.4810185185185185 0.05 0.14351851851851852
0 0.21223958333333334 0.4550925925925926 0.0546875 0.5787037037037037
0 0.45598958333333334 0.4527777777777778 0.05260416666666667 0.5851851851851853
1 0.6354166666666666 0.5222222222222223 0.05 0.4222222222222222
1 0.7486979166666666 0.5162037037037037 0.050520833333333334 0.4083333333333333
10 0.21276041666666667 0.48564814814814816 0.04010416666666666 0.25462962962962965
10 0.45598958333333334 0.4898148148148148 0.044270833333333336 0.2925925925925926
11 0.7591145833333334 0.6351851851851852 0.0234375 0.17407407407407408
9 0.2125 0.22962962962962963 0.058333333333333334 0.12037037037037038
5 0.4583333333333333 0.21666666666666667 0.052083333333333336 0.12222222222222223
5 0.6364583333333333 0.36435185185185187 0.052083333333333336 0.11203703703703705
8 0.7505208333333333 0.362962962962963 0.05416666666666667 0.10740740740740741
