4 0.31666666666666665 0.4935185185185185 0.058333333333333334 0.16111111111111112
4 0.55625 0.48333333333333334 0.05 0.1574074074074074
0 0.190625 0.4601851851851852 0.05416666666666667 0.5796296296296296
0 0.4375 0.4513888888888889 0.051041666666666666 0.5787037037037037
1 0.61796875 0.5263888888888889 0.049479166666666664 0.42129629629629634
1 0.7328125 0.5185185185185185 0.04895833333333333 0.4185185185185185
10 0.19427083333333334 0.487962962962963 0.040625 0.25925925925925924
10 0.4401041666666667 0.4949074074074074 0.042708333333333334 0.2898148148148148
11 0.74140625 0.6370370370370371 0.022395833333333334 0.18333333333333335
9 0.19244791666666666 0.22453703703703703 0.057812499999999996 0.11018518518518519
5 0.4388020833333333 0.22222222222222224 0.0484375 0.12407407407407407
5 0.6190104166666667 0.36944444444444446 0.04635416666666667 0.10740740740740741
8 0.7325520833333333 0.36342592592592593 0.049479166666666664 0.11018518518518519
