0 0.12447916666666667 0.5175925925925926 0.052083333333333336 0.6370370370370371
1 0.19739583333333333 0.587037037037037 0.06354166666666666 0.4962962962962963
0 0.3411458333333333 0.5023148148148149 0.05520833333333333 0.6768518518518519
1 0.4809895833333333 0.6129629629629629 0.04635416666666667 0.45555555555555555
0 0.5515625 0.5310185185185186 0.04791666666666666 0.6157407407407408
0 0.6197916666666666 0.5310185185185186 0.046875 0.6194444444444445
4 0.40989583333333335 0.5046296296296297 0.053125 0.17037037037037037
3 0.6815104166666667 0.6 0.05364583333333333 0.35185185185185186
2 0.7510416666666666 0.5995370370370371 0.052083333333333336 0.4861111111111111
9 0.1984375 0.40972222222222227 0.06354166666666666 0.14722222222222223
8 0.34296875 0.23287037037037037 0.058854166666666666 0.14166666666666666
7 0.7513020833333334 0.42083333333333334 0.05260416666666667 0.13055555555555556
10 0.19270833333333334 0.6680555555555556 0.03229166666666666 0.30092592592592593
11 0.33697916666666666 0.6620370370370371 0.028125 0.35185185185185186
10 0.5427083333333333 0.5523148148148148 0.036458333333333336 0.27870370370370373
10 0.625 0.5662037037037038 0.036458333333333336 0.2953703703703704
