0 0.12005208333333334 0.5370370370370371 0.06927083333333334 0.7000000000000001
0 0.41744791666666664 0.5171296296296296 0.0609375 0.6935185185185185
1 0.6328125 0.5939814814814816 0.0625 0.4935185185185185
1 0.7731770833333333 0.5847222222222223 0.05677083333333333 0.49722222222222223
9 0.12005208333333334 0.2555555555555556 0.0734375 0.1462962962962963
5 0.41875 0.23981481481481481 0.06354166666666666 0.1388888888888889
5 0.6330729166666667 0.41481481481481486 0.06302083333333333 0.12962962962962962
8 0.77265625 0.40555555555555556 0.06302083333333333 0.1388888888888889
10 0.12213541666666666 0.5722222222222223 0.050520833333333334 0.3111111111111111
10 0.421875 0.5703703703703704 0.052083333333333336 0.34814814814814815
11 0.78359375 0.7263888888888889 0.022395833333333334 0.2064814814814815
4 0.5640625 0.5513888888888889 0.052083333333333336 0.1824074074074074
4 0.27630208333333334 0.5782407407407407 0.0546875 0.1824074074074074
