10 0.44765625 0.5648148148148149 0.043229166666666666 0.2388888888888889
10 0.20442708333333334 0.5564814814814815 0.06197916666666667 0.23148148148148148
0 0.13177083333333334 0.5259259259259259 0.06979166666666667 0.5851851851851853
0 0.19348958333333333 0.525462962962963 0.06927083333333334 0.5953703703703704
0 0.31588541666666664 0.5125000000000001 0.059895833333333336 0.5916666666666667
0 0.434375 0.5101851851851852 0.06458333333333333 0.5925925925925926
1 0.66796875 0.5740740740740741 0.050520833333333334 0.43333333333333335
9 0.12630208333333334 0.2898148148148148 0.05677083333333333 0.11666666666666667
9 0.19192708333333333 0.287962962962963 0.05572916666666666 0.11851851851851852
9 0.66484375 0.4226851851851852 0.05364583333333333 0.11944444444444445
8 0.31223958333333335 0.2833333333333333 0.0546875 0.1277777777777778
7 0.43203125 0.2833333333333333 0.05364583333333333 0.1277777777777778
11 0.14244791666666667 0.6643518518518519 0.050520833333333334 0.33055555555555555
11 0.6705729166666666 0.6662037037037037 0.033854166666666664 0.2601851851851852
