4 0.3020833333333333 0.5106481481481482 0.04791666666666666 0.13611111111111113
4 0.5098958333333333 0.5101851851851852 0.04583333333333333 0.11851851851851852
0 0.18958333333333333 0.48055555555555557 0.04791666666666666 0.5092592592592593
0 0.40989583333333335 0.48055555555555557 0.04583333333333333 0.5185185185185185
1 0.565625 0.5513888888888889 0.04895833333333333 0.3768518518518519
1 0.665625 0.5444444444444445 0.04895833333333333 0.3685185185185185
10 0.18854166666666666 0.5060185185185185 0.03854166666666667 0.23796296296296296
10 0.41041666666666665 0.5208333333333334 0.046875 0.25833333333333336
11 0.6723958333333333 0.649537037037037 0.02395833333333333 0.16018518518518518
9 0.190625 0.27685185185185185 0.05 0.09814814814814815
5 0.40989583333333335 0.27222222222222225 0.04583333333333333 0.08888888888888889
5 0.5669270833333333 0.4115740740740741 0.04635416666666667 0.09722222222222222
8 0.66796875 0.412962962962963 0.0453125 0.1
