0 0.17630208333333333 0.5097222222222222 0.07447916666666667 0.7083333333333334
0 0.396875 0.49583333333333335 0.07083333333333333 0.7064814814814815
0 0.6927083333333334 0.47962962962962963 0.06875 0.7203703703703704
1 0.25546875 0.600925925925926 0.0671875 0.5111111111111112
1 0.54296875 0.5828703703703704 0.06927083333333334 0.5231481481481481
2 0.83671875 0.5648148148148149 0.06614583333333333 0.5259259259259259
9 0.17447916666666666 0.23333333333333334 0.078125 0.1425925925925926
9 0.25494791666666666 0.41203703703703703 0.07239583333333333 0.14814814814814814
8 0.396875 0.21296296296296297 0.071875 0.1537037037037037
8 0.6916666666666667 0.19953703703703704 0.07395833333333333 0.1564814814814815
5 0.540625 0.39490740740740743 0.06875 0.14907407407407408
7 0.8348958333333333 0.3819444444444445 0.06145833333333333 0.1564814814814815
10 0.2544270833333333 0.6731481481481482 0.04635416666666667 0.3351851851851852
11 0.40234375 0.6620370370370371 0.044270833333333336 0.3740740740740741
3 0.6174479166666667 0.5268518518518519 0.06302083333333333 0.1925925925925926
3 0.47213541666666664 0.5342592592592593 0.06302083333333333 0.18333333333333335
3 0.32786458333333335 0.55 0.05364583333333333 0.19444444444444445
