4 0.2986979166666667 0.5217592592592593 0.050520833333333334 0.14907407407407408
4 0.5265625 0.5175925925925926 0.051041666666666666 0.13333333333333333
0 0.17604166666666665 0.48055555555555557 0.052083333333333336 0.5592592592592592
0 0.4161458333333333 0.48379629629629634 0.04895833333333333 0.5601851851851852
1 0.5880208333333333 0.5620370370370371 0.051041666666666666 0.40925925925925927
1 0.69765625 0.5662037037037038 0.0484375 0.41203703703703703
10 0.17552083333333332 0.5087962962962963 0.0375 0.2490740740740741
10 0.41484375 0.5277777777777778 0.044270833333333336 0.28703703703703703
11 0.7010416666666667 0.6736111111111112 0.019791666666666666 0.17500000000000002
9 0.17552083333333332 0.26342592592592595 0.051041666666666666 0.11944444444444445
5 0.41875 0.25787037037037036 0.04895833333333333 0.11203703703703705
5 0.58671875 0.4138888888888889 0.0484375 0.11111111111111112
8 0.6984375 0.4115740740740741 0.05 0.10648148148148148
