0 0.20911458333333333 0.513425925925926 0.0609375 0.6509259259259259
0 0.4140625 0.5375 0.042708333333333334 0.5953703703703704
1 0.5432291666666667 0.5958333333333333 0.05520833333333333 0.47314814814814815
4 0.4791666666666667 0.5462962962962963 0.04895833333333333 0.16666666666666669
4 0.6111979166666667 0.5550925925925926 0.0546875 0.17314814814814816
4 0.68125 0.5430555555555556 0.052083333333333336 0.1675925925925926
3 0.74453125 0.6231481481481481 0.049479166666666664 0.3425925925925926
5 0.21067708333333332 0.2606481481481482 0.06197916666666667 0.14166666666666666
8 0.5442708333333334 0.4222222222222222 0.05520833333333333 0.13333333333333333
11 0.4114583333333333 0.6652777777777779 0.03125 0.3416666666666667
