10 0.13776041666666666 0.5152777777777778 0.05260416666666667 0.28055555555555556
10 0.2833333333333333 0.5597222222222222 0.04895833333333333 0.3842592592592593
10 0.42682291666666666 0.5125000000000001 0.04114583333333333 0.28611111111111115
11 0.6291666666666667 0.6865740740740741 0.03125 0.21944444444444444
0 0.13489583333333333 0.49444444444444446 0.07395833333333333 0.6925925925925926
0 0.2796875 0.4791666666666667 0.06979166666666667 0.6675925925925926
0 0.42265625 0.46851851851851856 0.06302083333333333 0.6703703703703704
1 0.5580729166666667 0.549074074074074 0.0640625 0.49074074074074076
1 0.6302083333333334 0.5574074074074075 0.06041666666666667 0.4981481481481482
1 0.7588541666666666 0.5416666666666667 0.06041666666666667 0.48888888888888893
9 0.13541666666666666 0.2189814814814815 0.07395833333333333 0.13611111111111113
9 0.5580729166666667 0.38657407407407407 0.05677083333333333 0.12685185185185185
8 0.2734375 0.21064814814814817 0.06354166666666666 0.14351851851851852
8 0.6322916666666667 0.3726851851851852 0.06145833333333333 0.13611111111111113
6 0.42604166666666665 0.21203703703703705 0.06875 0.1462962962962963
5 0.75546875 0.3726851851851852 0.06927083333333334 0.14166666666666666
