0 0.11302083333333333 0.4425925925925926 0.065625 0.6574074074074074
0 0.2544270833333333 0.42592592592592593 0.06927083333333334 0.638888888888889
0 0.39296875 0.4185185185185185 0.06302083333333333 0.6370370370370371
1 0.5205729166666666 0.5013888888888889 0.06302083333333333 0.47314814814814815
1 0.5880208333333333 0.5013888888888889 0.06145833333333333 0.4620370370370371
1 0.7088541666666667 0.49074074074074076 0.04791666666666666 0.46481481481481485
9 0.11223958333333334 0.1787037037037037 0.0671875 0.1388888888888889
9 0.5216145833333333 0.33564814814814814 0.057812499999999996 0.14166666666666666
8 0.5890625 0.337037037037037 0.06041666666666667 0.14444444444444446
8 0.24895833333333334 0.16990740740740742 0.0625 0.12314814814814816
6 0.3911458333333333 0.17175925925925928 0.05625 0.13425925925925927
5 0.7130208333333333 0.3287037037037037 0.05625 0.13148148148148148
10 0.11328125 0.4638888888888889 0.0390625 0.29074074074074074
10 0.2583333333333333 0.5092592592592593 0.052083333333333336 0.362962962962963
10 0.40208333333333335 0.46111111111111114 0.034375 0.27592592592592596
11 0.5895833333333333 0.6236111111111111 0.03125 0.21944444444444444
