7 0.25078125 0.38703703703703707 0.05260416666666667 0.09814814814814815
7 0.5567708333333333 0.2449074074074074 0.052083333333333336 0.09166666666666667
9 0.30078125 0.25092592592592594 0.05260416666666667 0.11296296296296297
5 0.7143229166666667 0.362962962962963 0.058854166666666666 0.10555555555555556
8 0.40703125 0.24444444444444446 0.0515625 0.10925925925925926
8 0.6630208333333333 0.2351851851851852 0.052083333333333336 0.10740740740740741
1 0.25286458333333334 0.5291666666666667 0.0546875 0.3824074074074074
1 0.71640625 0.5027777777777778 0.0484375 0.3888888888888889
0 0.30442708333333335 0.45925925925925926 0.059895833333333336 0.5259259259259259
0 0.40625 0.4537037037037037 0.04895833333333333 0.5314814814814816
0 0.5588541666666667 0.4467592592592593 0.05520833333333333 0.5120370370370371
0 0.6635416666666667 0.437962962962963 0.057291666666666664 0.5203703703703704
3 0.4661458333333333 0.5875 0.04375 0.2564814814814815
11 0.7140625 0.5865740740740741 0.04375 0.20833333333333334
10 0.24635416666666665 0.5921296296296297 0.03229166666666666 0.22314814814814815
10 0.3078125 0.49444444444444446 0.053125 0.22037037037037038
10 0.39947916666666666 0.4842592592592593 0.02395833333333333 0.22037037037037038
10 0.5697916666666667 0.4990740740740741 0.035416666666666666 0.2388888888888889
10 0.6640625 0.4898148148148148 0.04895833333333333 0.2962962962962963
