0 0.11302083333333333 0.44212962962962965 0.065625 0.5916666666666667
0 0.24348958333333334 0.4365740740740741 0.0734375 0.5731481481481482
0 0.36302083333333335 0.425 0.052083333333333336 0.587037037037037
1 0.484375 0.5050925925925926 0.05625 0.42129629629629634
1 0.5479166666666666 0.5023148148148149 0.04895833333333333 0.42129629629629634
1 0.6572916666666666 0.4902777777777778 0.06041666666666667 0.4175925925925926
9 0.11354166666666667 0.20972222222222223 0.05625 0.1287037037037037
9 0.48593749999999997 0.35370370370370374 0.052083333333333336 0.11481481481481481
8 0.23984375 0.19444444444444445 0.0640625 0.12222222222222223
8 0.5455729166666666 0.3527777777777778 0.05364583333333333 0.12222222222222223
6 0.36875 0.2013888888888889 0.07291666666666667 0.12685185185185185
5 0.66015625 0.3416666666666667 0.057812499999999996 0.13518518518518519
10 0.11171874999999999 0.4671296296296297 0.044270833333333336 0.25462962962962965
10 0.24375 0.5060185185185185 0.052083333333333336 0.3453703703703704
10 0.36484375 0.46851851851851856 0.0421875 0.2555555555555556
11 0.54609375 0.6083333333333334 0.0328125 0.19444444444444445
