10 0.13307291666666665 0.675 0.043229166666666666 0.18703703703703706
10 0.34140625 0.6087962962962963 0.043229166666666666 0.24351851851851852
10 0.571875 0.587037037037037 0.025 0.2240740740740741
11 0.15989583333333332 0.6643518518518519 0.017708333333333333 0.18611111111111112
11 0.21901041666666665 0.6143518518518519 0.03177083333333333 0.27870370370370373
11 0.6783854166666666 0.5708333333333333 0.034895833333333334 0.2916666666666667
7 0.15625 0.40324074074074073 0.065625 0.13611111111111113
8 0.21484375 0.24444444444444446 0.07135416666666666 0.1277777777777778
9 0.33307291666666666 0.39305555555555555 0.05364583333333333 0.12314814814814816
9 0.6736979166666667 0.22546296296296298 0.0546875 0.10462962962962963
5 0.45026041666666666 0.38472222222222224 0.0703125 0.11944444444444445
5 0.56640625 0.3712962962962963 0.07135416666666666 0.13518518518518519
4 0.2760416666666667 0.5050925925925926 0.05520833333333333 0.16018518518518518
4 0.3958333333333333 0.4902777777777778 0.05 0.1527777777777778
4 0.5135416666666667 0.475462962962963 0.057291666666666664 0.125
1 0.153125 0.5449074074074074 0.06145833333333333 0.4175925925925926
1 0.3416666666666667 0.5370370370370371 0.08229166666666667 0.40740740740740744
1 0.45546875 0.524537037037037 0.0921875 0.437962962962963
1 0.5638020833333334 0.5171296296296296 0.07552083333333333 0.4305555555555556
0 0.21536458333333333 0.4666666666666667 0.06302083333333333 0.5703703703703704
0 0.6755208333333333 0.4444444444444445 0.05520833333333333 0.5518518518518519
