0 0.21588541666666666 0.5125000000000001 0.06614583333333333 0.6861111111111111
0 0.43307291666666664 0.5069444444444444 0.06197916666666667 0.6898148148148149
0 0.7268229166666667 0.5018518518518519 0.06822916666666666 0.7037037037037037
1 0.29192708333333334 0.6050925925925926 0.0671875 0.5046296296296297
1 0.575 0.5976851851851852 0.06458333333333333 0.5083333333333333
1 0.8684895833333334 0.5875 0.0640625 0.5287037037037037
9 0.21536458333333333 0.24583333333333335 0.06510416666666667 0.14722222222222223
9 0.28984375 0.42592592592592593 0.06302083333333333 0.1425925925925926
8 0.43307291666666664 0.23101851851851854 0.06302083333333333 0.14722222222222223
8 0.7239583333333334 0.2240740740740741 0.06666666666666667 0.14444444444444446
6 0.5739583333333333 0.4152777777777778 0.0625 0.14351851851851852
7 0.8674479166666667 0.39351851851851855 0.06197916666666667 0.14444444444444446
10 0.29010416666666666 0.6870370370370371 0.029166666666666667 0.29814814814814816
4 0.3651041666666667 0.5578703703703703 0.05 0.18611111111111112
4 0.5046875 0.5476851851851852 0.05625 0.17314814814814816
4 0.6473958333333333 0.5430555555555556 0.052083333333333336 0.1787037037037037
10 0.7322916666666667 0.5638888888888889 0.035416666666666666 0.3074074074074074
11 0.4348958333333333 0.6703703703703704 0.030208333333333334 0.362962962962963
