0 0.2015625 0.4324074074074074 0.059375 0.5722222222222223
0 0.38125 0.42824074074074076 0.058333333333333334 0.5842592592592593
0 0.6197916666666666 0.4217592592592593 0.051041666666666666 0.5916666666666667
1 0.2661458333333333 0.5106481481481482 0.059375 0.41944444444444445
1 0.4984375 0.5046296296296297 0.05416666666666667 0.4314814814814815
1 0.7411458333333333 0.49583333333333335 0.052083333333333336 0.44351851851851853
9 0.19895833333333332 0.21342592592592594 0.05625 0.1212962962962963
9 0.2674479166666667 0.3611111111111111 0.0609375 0.12407407407407407
8 0.38255208333333335 0.20046296296296298 0.05364583333333333 0.13055555555555556
8 0.6216145833333333 0.19444444444444445 0.04635416666666667 0.13518518518518519
5 0.5026041666666666 0.3490740740740741 0.06041666666666667 0.12962962962962962
7 0.7416666666666667 0.33564814814814814 0.05416666666666667 0.13611111111111113
10 0.26328125 0.5708333333333333 0.028645833333333332 0.2657407407407408
11 0.3833333333333333 0.5685185185185185 0.03854166666666667 0.3
3 0.328125 0.4726851851851852 0.04791666666666666 0.16574074074074074
3 0.44375 0.4620370370370371 0.046875 0.15185185185185185
3 0.56484375 0.45972222222222225 0.04739583333333333 0.16018518518518518
