10 0.2559895833333333 0.5370370370370371 0.0546875 0.22592592592592595
10 0.4822916666666667 0.5356481481481482 0.04375 0.21944444444444444
0 0.18932291666666667 0.5055555555555555 0.058854166666666666 0.562962962962963
0 0.25026041666666665 0.4953703703703704 0.0609375 0.5537037037037037
0 0.3640625 0.500462962962963 0.05416666666666667 0.5527777777777778
0 0.47161458333333334 0.4986111111111111 0.058854166666666666 0.5509259259259259
1 0.6877604166666667 0.5606481481481481 0.04635416666666667 0.4064814814814815
9 0.18567708333333333 0.28425925925925927 0.049479166666666664 0.11296296296296297
9 0.24635416666666665 0.28611111111111115 0.052083333333333336 0.11481481481481481
9 0.6916666666666667 0.41805555555555557 0.058333333333333334 0.11203703703703705
8 0.3619791666666667 0.2796296296296296 0.05416666666666667 0.11666666666666667
7 0.4705729166666667 0.2837962962962963 0.050520833333333334 0.11944444444444445
11 0.1953125 0.6273148148148149 0.04375 0.30462962962962964
11 0.6911458333333333 0.6523148148148148 0.026041666666666668 0.2490740740740741
