3 0.44817708333333334 0.5828703703703704 0.0390625 0.1824074074074074
0 0.28125 0.4902777777777778 0.051041666666666666 0.549074074074074
0 0.39140625 0.48379629629629634 0.049479166666666664 0.5453703703703704
0 0.55 0.4759259259259259 0.051041666666666666 0.5333333333333333
0 0.6580729166666667 0.4708333333333333 0.04739583333333333 0.5398148148148149
1 0.7111979166666667 0.5342592592592593 0.050520833333333334 0.40185185185185185
1 0.22708333333333333 0.5601851851851852 0.04895833333333333 0.40925925925925927
10 0.225 0.6087962962962963 0.029166666666666667 0.2638888888888889
10 0.2830729166666667 0.525462962962963 0.049479166666666664 0.2675925925925926
10 0.3880208333333333 0.5180555555555556 0.03125 0.27314814814814814
10 0.5565104166666667 0.5162037037037037 0.03697916666666667 0.25833333333333336
10 0.6580729166666667 0.5180555555555556 0.0390625 0.2972222222222222
11 0.7106770833333333 0.6222222222222222 0.033854166666666664 0.21296296296296297
9 0.28046875 0.26944444444444443 0.04739583333333333 0.10740740740740741
5 0.71171875 0.38981481481481484 0.0453125 0.10740740740740741
8 0.3893229166666667 0.2606481481481482 0.0453125 0.10277777777777779
8 0.65703125 0.25416666666666665 0.0453125 0.09907407407407408
7 0.22838541666666667 0.4087962962962963 0.049479166666666664 0.10648148148148148
7 0.5489583333333333 0.26157407407407407 0.04895833333333333 0.11018518518518519
