3 0.4635416666666667 0.6129629629629629 0.04479166666666667 0.20370370370370372
0 0.2747395833333333 0.5074074074074074 0.057812499999999996 0.5962962962962963
0 0.4002604166666667 0.5018518518518519 0.05677083333333333 0.6092592592592593
0 0.5776041666666667 0.4990740740740741 0.057291666666666664 0.6037037037037037
0 0.7013020833333333 0.487962962962963 0.05260416666666667 0.6055555555555556
1 0.21848958333333332 0.5888888888888889 0.057812499999999996 0.4537037037037037
1 0.76015625 0.5625 0.0546875 0.4527777777777778
10 0.2140625 0.6407407407407407 0.036458333333333336 0.2925925925925926
10 0.27760416666666665 0.5518518518518519 0.04895833333333333 0.3092592592592593
10 0.39479166666666665 0.5476851851851852 0.036458333333333336 0.28611111111111115
10 0.584375 0.5402777777777777 0.04375 0.2916666666666667
10 0.7018229166666666 0.55 0.04739583333333333 0.3314814814814815
11 0.7619791666666667 0.663425925925926 0.042708333333333334 0.24537037037037038
9 0.2752604166666667 0.26712962962962966 0.0546875 0.1175925925925926
5 0.76015625 0.3990740740740741 0.05260416666666667 0.12222222222222223
8 0.3989583333333333 0.2587962962962963 0.053125 0.11388888888888889
8 0.7 0.24444444444444446 0.052083333333333336 0.11851851851851852
7 0.21848958333333332 0.42314814814814816 0.0546875 0.11296296296296297
7 0.5768229166666666 0.2569444444444445 0.0546875 0.11944444444444445
