10 0.221875 0.4740740740740741 0.05625 0.2388888888888889
10 0.46953125 0.4916666666666667 0.044270833333333336 0.26296296296296295
0 0.14947916666666666 0.44537037037037036 0.06666666666666667 0.6185185185185186
0 0.21328125 0.4467592592592593 0.06302083333333333 0.612037037037037
0 0.33671875 0.4356481481481482 0.06302083333333333 0.6083333333333334
0 0.46119791666666665 0.4356481481481482 0.059895833333333336 0.6083333333333334
1 0.6934895833333333 0.5074074074074074 0.05364583333333333 0.45
9 0.1453125 0.19814814814814816 0.059375 0.12037037037037038
9 0.21380208333333334 0.20324074074074075 0.05364583333333333 0.13425925925925927
8 0.3346354166666667 0.19212962962962965 0.05677083333333333 0.13240740740740742
8 0.6921875 0.34490740740740744 0.05625 0.11944444444444445
7 0.46067708333333335 0.20462962962962963 0.0609375 0.13148148148148148
11 0.15859375 0.5782407407407407 0.049479166666666664 0.33425925925925926
11 0.6916666666666667 0.600462962962963 0.040625 0.2657407407407408
