0 0.16458333333333333 0.46620370370370373 0.046875 0.5120370370370371
1 0.22630208333333332 0.5217592592592593 0.05364583333333333 0.40092592592592596
0 0.3416666666666667 0.44583333333333336 0.04791666666666666 0.5435185185185185
4 0.3984375 0.44583333333333336 0.04375 0.13611111111111113
1 0.45598958333333334 0.5273148148148148 0.0390625 0.36203703703703705
0 0.51015625 0.45972222222222225 0.0359375 0.4935185185185185
0 0.5640625 0.45972222222222225 0.03854166666666667 0.4935185185185185
3 0.6174479166666667 0.5111111111111112 0.0484375 0.2833333333333333
2 0.6700520833333333 0.5087962962962963 0.0421875 0.3861111111111111
10 0.22604166666666667 0.5842592592592593 0.028125 0.2425925925925926
11 0.34348958333333335 0.5717592592592593 0.027604166666666666 0.28611111111111115
10 0.5067708333333333 0.48240740740740745 0.03229166666666666 0.23148148148148148
10 0.5690104166666666 0.48564814814814816 0.028645833333333332 0.23240740740740742
