0 0.13723958333333333 0.4777777777777778 0.06927083333333334 0.625925925925926
0 0.26536458333333335 0.46944444444444444 0.0609375 0.6185185185185186
0 0.3950520833333333 0.4625 0.050520833333333334 0.6101851851851852
1 0.5221354166666666 0.5375 0.05364583333333333 0.45833333333333337
1 0.58671875 0.5412037037037037 0.0484375 0.4416666666666667
1 0.7036458333333333 0.524537037037037 0.04791666666666666 0.4398148148148148
11 0.5921875 0.6615740740740741 0.029166666666666667 0.18981481481481483
9 0.13098958333333333 0.23472222222222222 0.06614583333333333 0.13425925925925927
9 0.521875 0.3842592592592593 0.057291666666666664 0.13148148148148148
8 0.26536458333333335 0.22824074074074074 0.059895833333333336 0.13240740740740742
8 0.5872395833333334 0.37824074074074077 0.0546875 0.125
6 0.39609375 0.2212962962962963 0.0484375 0.1277777777777778
5 0.7052083333333333 0.3726851851851852 0.0625 0.13611111111111113
10 0.13359375 0.5046296296296297 0.03802083333333333 0.2555555555555556
10 0.26666666666666666 0.5425925925925926 0.052083333333333336 0.35555555555555557
10 0.40729166666666666 0.5064814814814815 0.042708333333333334 0.26851851851851855
