0 0.13541666666666666 0.48564814814814816 0.06354166666666666 0.637962962962963
0 0.26927083333333335 0.48564814814814816 0.05625 0.6416666666666667
0 0.4005208333333333 0.48842592592592593 0.057291666666666664 0.6305555555555555
0 0.5354166666666667 0.5101851851851852 0.04479166666666667 0.5888888888888889
0 0.6669270833333333 0.48055555555555557 0.05677083333333333 0.6481481481481481
10 0.12447916666666667 0.49768518518518523 0.027083333333333334 0.23796296296296296
10 0.4080729166666667 0.5444444444444445 0.0421875 0.28703703703703703
10 0.6640625 0.5175925925925926 0.04375 0.2796296296296296
5 0.13489583333333333 0.23194444444444445 0.06354166666666666 0.13611111111111113
6 0.26875 0.23240740740740742 0.057291666666666664 0.14074074074074075
7 0.4005208333333333 0.23750000000000002 0.05625 0.13240740740740742
8 0.6671875 0.22175925925925927 0.057291666666666664 0.13055555555555556
11 0.5328125 0.637962962962963 0.026041666666666668 0.33333333333333337
