7 0.19739583333333333 0.42824074074074076 0.04895833333333333 0.11388888888888889
8 0.24713541666666666 0.29212962962962963 0.05364583333333333 0.10648148148148148
9 0.35260416666666666 0.42824074074074076 0.04375 0.09722222222222222
9 0.6546875 0.2837962962962963 0.06354166666666666 0.10462962962962963
5 0.453125 0.41712962962962963 0.05416666666666667 0.09907407407407408
5 0.5526041666666667 0.3995370370370371 0.040625 0.10648148148148148
11 0.1984375 0.6587962962962963 0.026041666666666668 0.15462962962962964
11 0.2505208333333333 0.6097222222222223 0.03229166666666666 0.2601851851851852
11 0.6494791666666666 0.5791666666666667 0.03125 0.25833333333333336
10 0.18151041666666667 0.6546296296296297 0.0453125 0.16666666666666669
10 0.3567708333333333 0.6050925925925926 0.036458333333333336 0.2175925925925926
10 0.5572916666666666 0.5976851851851852 0.027083333333333334 0.2175925925925926
4 0.29973958333333334 0.512962962962963 0.049479166666666664 0.14074074074074075
4 0.40546875 0.5083333333333333 0.034895833333333334 0.1388888888888889
4 0.50390625 0.49768518518518523 0.0328125 0.10648148148148148
1 0.20130208333333333 0.5574074074074075 0.05260416666666667 0.3574074074074074
1 0.353125 0.5458333333333334 0.05625 0.3564814814814815
1 0.45234375 0.537962962962963 0.0515625 0.35555555555555557
1 0.55546875 0.5439814814814815 0.0546875 0.375
0 0.25078125 0.48935185185185187 0.05572916666666666 0.5101851851851852
0 0.6567708333333333 0.475462962962963 0.06041666666666667 0.47870370370370374
