0 0.08541666666666667 0.5347222222222222 0.07291666666666667 0.7287037037037037
0 0.3989583333333333 0.5180555555555556 0.06458333333333333 0.7305555555555556
1 0.62109375 0.5972222222222222 0.0640625 0.5185185185185185
1 0.7609375 0.5902777777777778 0.058333333333333334 0.5101851851851852
10 0.08645833333333333 0.5731481481481482 0.058333333333333334 0.32407407407407407
10 0.4028645833333333 0.5662037037037038 0.05364583333333333 0.36388888888888893
9 0.08515625 0.24074074074074076 0.0703125 0.15185185185185185
5 0.3984375 0.23611111111111113 0.06041666666666667 0.15555555555555556
5 0.6231770833333333 0.4115740740740741 0.06822916666666666 0.15092592592592594
8 0.76015625 0.39814814814814814 0.059895833333333336 0.13333333333333333
11 0.77265625 0.7199074074074074 0.021354166666666667 0.2138888888888889
4 0.2518229166666667 0.5680555555555555 0.059895833333333336 0.18796296296296297
4 0.54921875 0.55 0.059895833333333336 0.1851851851851852
