4 0.3 0.5055555555555555 0.052083333333333336 0.1388888888888889
4 0.5088541666666666 0.4981481481481482 0.04895833333333333 0.11851851851851852
0 0.18802083333333333 0.47222222222222227 0.051041666666666666 0.512962962962963
0 0.40859375 0.46944444444444444 0.0484375 0.5074074074074074
1 0.56640625 0.537962962962963 0.0453125 0.3740740740740741
1 0.66640625 0.537962962962963 0.04739583333333333 0.3648148148148148
10 0.18776041666666665 0.49583333333333335 0.03177083333333333 0.22685185185185186
10 0.40859375 0.5120370370370371 0.0390625 0.2518518518518519
11 0.6682291666666667 0.6412037037037037 0.022916666666666665 0.15833333333333333
9 0.1890625 0.2689814814814815 0.051041666666666666 0.10462962962962963
5 0.40651041666666665 0.2662037037037037 0.043229166666666666 0.09907407407407408
5 0.5661458333333333 0.4050925925925926 0.04583333333333333 0.10092592592592593
8 0.6677083333333333 0.40555555555555556 0.04479166666666667 0.09444444444444444
