10 0.11276041666666667 0.46620370370370373 0.0421875 0.2564814814814815
10 0.24947916666666667 0.5101851851851852 0.04791666666666666 0.34814814814814815
10 0.3765625 0.45601851851851855 0.04375 0.24537037037037038
0 0.11588541666666667 0.4430555555555556 0.06614583333333333 0.6083333333333334
0 0.24401041666666667 0.4324074074074074 0.0671875 0.6018518518518519
0 0.3734375 0.42314814814814816 0.057291666666666664 0.5944444444444444
1 0.4934895833333333 0.49722222222222223 0.05677083333333333 0.4314814814814815
1 0.5549479166666667 0.4981481481481482 0.05364583333333333 0.42592592592592593
1 0.6752604166666667 0.4902777777777778 0.049479166666666664 0.42685185185185187
9 0.11588541666666667 0.2 0.059895833333333336 0.12407407407407407
9 0.4934895833333333 0.34675925925925927 0.05364583333333333 0.1287037037037037
8 0.24244791666666665 0.1925925925925926 0.058854166666666666 0.12407407407407407
8 0.5546875 0.34351851851851856 0.052083333333333336 0.12222222222222223
6 0.37083333333333335 0.19212962962962965 0.057291666666666664 0.13055555555555556
5 0.67578125 0.3388888888888889 0.05572916666666666 0.12407407407407407
11 0.5614583333333333 0.6134259259259259 0.027083333333333334 0.18611111111111112
