3 0.38776041666666666 0.5777777777777778 0.0421875 0.22037037037037038
0 0.1796875 0.45925925925925926 0.06145833333333333 0.6555555555555556
0 0.31328125 0.45092592592592595 0.059895833333333336 0.6555555555555556
0 0.5067708333333333 0.44027777777777777 0.06041666666666667 0.6324074074074074
0 0.63046875 0.4305555555555556 0.0515625 0.6240740740740741
1 0.69140625 0.5111111111111112 0.049479166666666664 0.46296296296296297
1 0.11197916666666667 0.5476851851851852 0.065625 0.500925925925926
10 0.10989583333333333 0.6074074074074074 0.042708333333333334 0.3277777777777778
10 0.18489583333333334 0.5074074074074074 0.05625 0.32407407407407407
10 0.3098958333333333 0.4981481481481482 0.036458333333333336 0.32407407407407407
10 0.5114583333333333 0.48750000000000004 0.04479166666666667 0.30462962962962964
10 0.6299479166666666 0.4949074074074074 0.04739583333333333 0.33796296296296297
11 0.690625 0.6125 0.04791666666666666 0.25092592592592594
9 0.1765625 0.19583333333333333 0.057291666666666664 0.125
5 0.6916666666666667 0.3421296296296296 0.052083333333333336 0.1287037037037037
8 0.31328125 0.18564814814814815 0.0609375 0.1287037037037037
8 0.63203125 0.1800925925925926 0.05364583333333333 0.1175925925925926
7 0.11354166666666667 0.3712962962962963 0.065625 0.12962962962962962
7 0.5052083333333334 0.19212962962962965 0.0625 0.12685185185185185
