0 0.23932291666666666 0.5018518518518519 0.06927083333333334 0.6481481481481481
0 0.43854166666666666 0.4898148148148148 0.06145833333333333 0.6481481481481481
0 0.703125 0.4800925925925926 0.05625 0.6453703703703704
1 0.30833333333333335 0.5824074074074075 0.05625 0.4703703703703704
1 0.5721354166666667 0.5685185185185185 0.06302083333333333 0.4851851851851852
2 0.8408854166666666 0.5569444444444445 0.057812499999999996 0.4916666666666667
9 0.23932291666666666 0.2555555555555556 0.059895833333333336 0.13148148148148148
9 0.3106770833333333 0.4185185185185185 0.057812499999999996 0.13518518518518519
8 0.4395833333333333 0.23425925925925928 0.06041666666666667 0.13333333333333333
8 0.7078125 0.22453703703703703 0.06041666666666667 0.13425925925925927
5 0.5729166666666666 0.4027777777777778 0.06666666666666667 0.1574074074074074
7 0.8429687499999999 0.3814814814814815 0.058854166666666666 0.1388888888888889
10 0.30963541666666666 0.6462962962962964 0.04114583333333333 0.31851851851851853
11 0.4427083333333333 0.6467592592592593 0.0375 0.33425925925925926
3 0.37786458333333334 0.5393518518518519 0.0546875 0.1787037037037037
3 0.5067708333333333 0.5277777777777778 0.05520833333333333 0.17592592592592593
3 0.63828125 0.5231481481481481 0.0515625 0.17592592592592593
