1 0.17317708333333334 0.5805555555555556 0.07135416666666666 0.4351851851851852
2 0.2934895833333333 0.575462962962963 0.050520833333333334 0.4361111111111111
1 0.40234375 0.5708333333333333 0.0515625 0.42685185185185187
0 0.5122395833333333 0.49212962962962964 0.059895833333333336 0.5750000000000001
1 0.6263020833333334 0.5564814814814815 0.058854166666666666 0.4222222222222222
7 0.171875 0.42453703703703705 0.065625 0.1287037037037037
7 0.2947916666666667 0.41481481481481486 0.05 0.11481481481481481
8 0.51015625 0.26157407407407407 0.05364583333333333 0.11388888888888889
8 0.62578125 0.4064814814814815 0.057812499999999996 0.12222222222222223
9 0.403125 0.41250000000000003 0.06145833333333333 0.11574074074074074
11 0.17760416666666667 0.7717592592592593 0.046875 0.062037037037037036
11 0.51953125 0.6083333333333334 0.0484375 0.337037037037037
11 0.6278645833333333 0.6648148148148149 0.043229166666666666 0.20555555555555557
