0 0.14817708333333332 0.46944444444444444 0.04114583333333333 0.48888888888888893
1 0.20703125 0.5189814814814815 0.050520833333333334 0.3805555555555556
0 0.3190104166666667 0.45092592592592595 0.04635416666666667 0.5092592592592593
1 0.42526041666666664 0.5342592592592593 0.0390625 0.3388888888888889
0 0.4791666666666667 0.4712962962962963 0.03854166666666667 0.46296296296296297
0 0.5278645833333333 0.47361111111111115 0.0390625 0.4564814814814815
4 0.37135416666666665 0.45416666666666666 0.040625 0.1287037037037037
3 0.5763020833333333 0.5231481481481481 0.03802083333333333 0.25925925925925924
2 0.6247395833333333 0.5175925925925926 0.03697916666666667 0.3648148148148148
10 0.20598958333333334 0.5819444444444445 0.0234375 0.22870370370370371
10 0.4747395833333333 0.48842592592592593 0.0296875 0.2138888888888889
10 0.5322916666666666 0.4990740740740741 0.028125 0.2351851851851852
11 0.31796875 0.5736111111111112 0.025520833333333333 0.2638888888888889
9 0.20677083333333332 0.3861111111111111 0.04791666666666666 0.11296296296296297
8 0.3182291666666667 0.250462962962963 0.04583333333333333 0.10648148148148148
7 0.625 0.38703703703703707 0.036458333333333336 0.09814814814814815
