3 0.46458333333333335 0.6037037037037037 0.041666666666666664 0.20925925925925926
0 0.27630208333333334 0.49212962962962964 0.0546875 0.5990740740740741
0 0.396875 0.48703703703703705 0.05416666666666667 0.6092592592592593
0 0.5731770833333333 0.4814814814814815 0.058854166666666666 0.6
0 0.6989583333333333 0.47731481481481486 0.052083333333333336 0.6064814814814815
1 0.7575520833333333 0.5504629629629629 0.0515625 0.44907407407407407
1 0.2171875 0.5740740740740741 0.05520833333333333 0.4537037037037037
10 0.21536458333333333 0.6282407407407408 0.03697916666666667 0.287962962962963
10 0.2791666666666667 0.5347222222222222 0.052083333333333336 0.2898148148148148
10 0.3950520833333333 0.5305555555555556 0.033854166666666664 0.2962962962962963
10 0.5833333333333334 0.5222222222222223 0.03854166666666667 0.29074074074074074
10 0.6966145833333334 0.5319444444444444 0.0453125 0.3194444444444445
11 0.75703125 0.6513888888888889 0.03697916666666667 0.24537037037037038
9 0.2734375 0.25462962962962965 0.052083333333333336 0.11666666666666667
5 0.7580729166666667 0.38796296296296295 0.0484375 0.12037037037037038
8 0.3966145833333333 0.24166666666666667 0.0546875 0.11851851851851852
8 0.69921875 0.23148148148148148 0.05364583333333333 0.11481481481481481
7 0.57265625 0.24444444444444446 0.0546875 0.11851851851851852
7 0.21822916666666667 0.4083333333333333 0.05625 0.11666666666666667
