3 0.45546875 0.5569444444444445 0.04010416666666666 0.18055555555555555
0 0.29140625 0.46342592592592596 0.049479166666666664 0.525
0 0.39739583333333334 0.45740740740740743 0.04791666666666666 0.5259259259259259
0 0.5513020833333333 0.4564814814814815 0.050520833333333334 0.5185185185185185
0 0.6578125 0.4439814814814815 0.04791666666666666 0.5324074074074074
1 0.709375 0.5111111111111112 0.04375 0.3907407407407408
1 0.24010416666666667 0.5314814814814816 0.04791666666666666 0.40185185185185185
10 0.23802083333333332 0.5819444444444445 0.03229166666666666 0.25277777777777777
10 0.29609375 0.500462962962963 0.0421875 0.2564814814814815
10 0.39427083333333335 0.49768518518518523 0.03229166666666666 0.2601851851851852
10 0.55703125 0.4930555555555556 0.03697916666666667 0.2601851851851852
10 0.6588541666666666 0.4990740740740741 0.03854166666666667 0.2833333333333333
11 0.71171875 0.5976851851851852 0.033854166666666664 0.2064814814814815
9 0.29192708333333334 0.25277777777777777 0.0453125 0.10370370370370371
5 0.7109375 0.36712962962962964 0.04375 0.09722222222222222
8 0.4 0.24305555555555555 0.04791666666666666 0.09722222222222222
8 0.6588541666666666 0.23703703703703705 0.046875 0.0962962962962963
7 0.24088541666666666 0.3893518518518519 0.04635416666666667 0.10277777777777779
7 0.553125 0.24583333333333335 0.046875 0.10277777777777779
