11 0.15833333333333333 0.6486111111111111 0.057291666666666664 0.35833333333333334
11 0.73671875 0.6592592592592593 0.0359375 0.28703703703703703
0 0.1453125 0.5041666666666667 0.06666666666666667 0.6583333333333333
0 0.21536458333333333 0.5064814814814815 0.0734375 0.662962962962963
0 0.34791666666666665 0.48888888888888893 0.065625 0.6425925925925926
0 0.4770833333333333 0.48935185185185187 0.06458333333333333 0.6472222222222223
1 0.7348958333333333 0.5611111111111111 0.059375 0.48888888888888893
9 0.14244791666666667 0.24722222222222223 0.06197916666666667 0.12962962962962962
9 0.21276041666666667 0.24074074074074076 0.07239583333333333 0.13518518518518519
9 0.7364583333333333 0.38796296296296295 0.06458333333333333 0.14444444444444446
8 0.34479166666666666 0.22962962962962963 0.057291666666666664 0.12962962962962962
7 0.4783854166666667 0.23194444444444445 0.06197916666666667 0.13796296296296298
10 0.22343749999999998 0.5356481481481482 0.07291666666666667 0.25833333333333336
10 0.4947916666666667 0.5365740740740741 0.04479166666666667 0.2657407407407408
