0 0.12213541666666666 0.4050925925925926 0.0734375 0.6546296296296297
1 0.1984375 0.4916666666666667 0.065625 0.47222222222222227
0 0.33098958333333334 0.3907407407407408 0.06614583333333333 0.6648148148148149
1 0.46979166666666666 0.47453703703703703 0.07083333333333333 0.4861111111111111
0 0.6059895833333333 0.3675925925925926 0.0671875 0.6666666666666667
2 0.7484375 0.4467592592592593 0.06979166666666667 0.4953703703703704
9 0.1203125 0.1537037037037037 0.06875 0.14814814814814814
9 0.19895833333333332 0.32407407407407407 0.06979166666666667 0.1388888888888889
8 0.3307291666666667 0.13240740740740742 0.06458333333333333 0.14444444444444446
8 0.60546875 0.1087962962962963 0.07135416666666666 0.15092592592592594
5 0.46822916666666664 0.3027777777777778 0.071875 0.15
7 0.7458333333333333 0.2689814814814815 0.06145833333333333 0.13425925925925927
10 0.20260416666666667 0.5625 0.052083333333333336 0.31574074074074077
11 0.33958333333333335 0.5601851851851852 0.04375 0.32592592592592595
3 0.26875 0.44537037037037036 0.058333333333333334 0.1814814814814815
3 0.40234375 0.42824074074074076 0.05260416666666667 0.16944444444444445
3 0.5416666666666666 0.42129629629629634 0.053125 0.17962962962962964
