0 0.21614583333333334 0.500462962962963 0.057291666666666664 0.600925925925926
0 0.40859375 0.5152777777777778 0.04739583333333333 0.5583333333333333
1 0.5299479166666666 0.5745370370370371 0.05572916666666666 0.44351851851851853
4 0.46875 0.5305555555555556 0.04375 0.15185185185185185
4 0.5924479166666666 0.5361111111111111 0.04635416666666667 0.16481481481481483
4 0.6536458333333334 0.524537037037037 0.04583333333333333 0.15833333333333333
3 0.7166666666666667 0.6 0.04895833333333333 0.32592592592592595
5 0.21692708333333333 0.26296296296296295 0.05572916666666666 0.13148148148148148
8 0.5291666666666667 0.41481481481481486 0.051041666666666666 0.12037037037037038
11 0.40572916666666664 0.638888888888889 0.029166666666666667 0.31851851851851853
