10 0.109375 0.5574074074074075 0.046875 0.3074074074074074
10 0.4236979166666667 0.5550925925925926 0.050520833333333334 0.2916666666666667
11 0.77421875 0.7291666666666667 0.03697916666666667 0.23055555555555557
0 0.1125 0.5282407407407408 0.07604166666666666 0.7064814814814815
0 0.4119791666666667 0.5115740740740741 0.06041666666666667 0.6972222222222223
1 0.6278645833333333 0.5962962962962963 0.06510416666666667 0.5018518518518519
1 0.7651041666666667 0.5949074074074074 0.06666666666666667 0.5083333333333333
4 0.2661458333333333 0.5652777777777778 0.059375 0.18981481481481483
4 0.55234375 0.5476851851851852 0.05364583333333333 0.17685185185185187
9 0.1125 0.250462962962963 0.08020833333333333 0.14537037037037037
5 0.41302083333333334 0.23472222222222222 0.06145833333333333 0.1527777777777778
5 0.6268229166666667 0.41574074074074074 0.06302083333333333 0.14074074074074075
8 0.7653645833333333 0.40972222222222227 0.0671875 0.13796296296296298
