11 0.7723958333333333 0.7245370370370371 0.025 0.23055555555555557
0 0.1015625 0.5208333333333334 0.08125 0.7175925925925927
0 0.40234375 0.5060185185185185 0.0609375 0.7157407407407408
1 0.6216145833333333 0.587037037037037 0.06614583333333333 0.5166666666666667
1 0.75859375 0.5842592592592593 0.059895833333333336 0.5055555555555555
9 0.1046875 0.23981481481481481 0.078125 0.14444444444444446
5 0.4044270833333333 0.23101851851851854 0.06927083333333334 0.14537037037037037
5 0.62265625 0.4050925925925926 0.0640625 0.14722222222222223
8 0.7630208333333334 0.40740740740740744 0.06354166666666666 0.1425925925925926
4 0.2544270833333333 0.5569444444444445 0.0609375 0.1953703703703704
4 0.54765625 0.537962962962963 0.0515625 0.1814814814814815
10 0.1015625 0.5513888888888889 0.05 0.2990740740740741
10 0.4127604166666667 0.5476851851851852 0.05572916666666666 0.2916666666666667
