0 0.12526041666666665 0.4324074074074074 0.0671875 0.6481481481481481
0 0.25885416666666666 0.42083333333333334 0.065625 0.6435185185185185
0 0.39609375 0.4199074074074074 0.050520833333333334 0.6453703703703704
1 0.5299479166666666 0.4930555555555556 0.0609375 0.4564814814814815
1 0.5966145833333333 0.49583333333333335 0.050520833333333334 0.45092592592592595
1 0.71640625 0.48935185185185187 0.04635416666666667 0.4527777777777778
9 0.12552083333333333 0.17777777777777778 0.06875 0.13148148148148148
9 0.52578125 0.33333333333333337 0.06302083333333333 0.1425925925925926
8 0.5973958333333333 0.33287037037037037 0.04791666666666666 0.12685185185185185
8 0.26458333333333334 0.16805555555555557 0.06145833333333333 0.13611111111111113
6 0.40208333333333335 0.1736111111111111 0.06041666666666667 0.14722222222222223
5 0.72265625 0.32916666666666666 0.06197916666666667 0.1287037037037037
10 0.12343749999999999 0.46111111111111114 0.04791666666666666 0.27037037037037037
10 0.265625 0.5087962962962963 0.04375 0.375
10 0.40572916666666664 0.46342592592592596 0.0375 0.275
11 0.5984375 0.6231481481481481 0.035416666666666666 0.22037037037037038
