0 0.10130208333333333 0.44212962962962965 0.07239583333333333 0.6064814814814815
0 0.23124999999999998 0.4273148148148148 0.06354166666666666 0.6064814814814815
0 0.3606770833333333 0.42314814814814816 0.0609375 0.6092592592592593
1 0.48541666666666666 0.4967592592592593 0.058333333333333334 0.44351851851851853
1 0.5484375 0.4990740740740741 0.05625 0.42962962962962964
1 0.6635416666666667 0.49259259259259264 0.053125 0.4351851851851852
9 0.0984375 0.2013888888888889 0.065625 0.13240740740740742
9 0.4875 0.3462962962962963 0.05416666666666667 0.13333333333333333
8 0.5497395833333333 0.35462962962962963 0.050520833333333334 0.13148148148148148
8 0.22994791666666667 0.1902777777777778 0.06302083333333333 0.1287037037037037
6 0.35859375 0.19814814814814816 0.057812499999999996 0.11851851851851852
5 0.6666666666666666 0.33472222222222225 0.052083333333333336 0.1287037037037037
10 0.09791666666666667 0.47222222222222227 0.035416666666666666 0.2574074074074074
10 0.240625 0.5050925925925926 0.05 0.3472222222222222
10 0.3619791666666667 0.4564814814814815 0.03229166666666666 0.24629629629629632
11 0.5497395833333333 0.6180555555555556 0.028645833333333332 0.20462962962962963
