4 0.2640625 0.5444444444444445 0.0625 0.18333333333333335
4 0.5518229166666666 0.5222222222222223 0.05677083333333333 0.17222222222222222
0 0.103125 0.5013888888888889 0.06666666666666667 0.7101851851851853
0 0.4083333333333333 0.48750000000000004 0.06145833333333333 0.7046296296296296
1 0.6260416666666666 0.5722222222222223 0.06041666666666667 0.5074074074074074
1 0.7622395833333333 0.5615740740740741 0.06510416666666667 0.5046296296296297
10 0.10442708333333334 0.5407407407407407 0.0453125 0.3074074074074074
10 0.41015625 0.5402777777777777 0.05364583333333333 0.3564814814814815
11 0.7763020833333333 0.7055555555555556 0.028645833333333332 0.21296296296296297
9 0.10494791666666667 0.22222222222222224 0.06822916666666666 0.14444444444444446
5 0.409375 0.20787037037037037 0.0625 0.1398148148148148
5 0.6239583333333333 0.3875 0.059375 0.13425925925925927
8 0.76328125 0.3805555555555556 0.058854166666666666 0.1388888888888889
