4 0.28463541666666664 0.55 0.06614583333333333 0.19074074074074074
4 0.5669270833333333 0.5300925925925926 0.059895833333333336 0.18055555555555555
0 0.12083333333333333 0.513425925925926 0.075 0.7212962962962963
0 0.42578125 0.49259259259259264 0.06302083333333333 0.7000000000000001
1 0.6388020833333333 0.5685185185185185 0.0640625 0.5037037037037038
1 0.77421875 0.5638888888888889 0.06302083333333333 0.5
10 0.125 0.5513888888888889 0.05625 0.3101851851851852
10 0.4309895833333333 0.5458333333333334 0.0546875 0.35833333333333334
11 0.7856770833333333 0.7046296296296296 0.0234375 0.2111111111111111
9 0.11953124999999999 0.22962962962962963 0.0703125 0.14814814814814814
5 0.42682291666666666 0.21666666666666667 0.06302083333333333 0.1462962962962963
5 0.6401041666666667 0.38842592592592595 0.06145833333333333 0.13425925925925927
8 0.7731770833333333 0.38287037037037036 0.058854166666666666 0.13425925925925927
