1 0.25234375 0.6129629629629629 0.06197916666666667 0.46481481481481485
1 0.3763020833333333 0.6101851851851852 0.0609375 0.4740740740740741
1 0.49921875 0.6060185185185185 0.058854166666666666 0.47500000000000003
0 0.6239583333333333 0.538425925925926 0.05520833333333333 0.5990740740740741
0 0.8221354166666667 0.5319444444444444 0.0484375 0.5990740740740741
1 0.75390625 0.5976851851851852 0.058854166666666666 0.47685185185185186
7 0.25234375 0.4462962962962963 0.057812499999999996 0.1277777777777778
5 0.375 0.44074074074074077 0.05625 0.1277777777777778
6 0.49895833333333334 0.4356481481481482 0.05625 0.13425925925925927
8 0.7544270833333333 0.4222222222222222 0.057812499999999996 0.12962962962962962
10 0.26145833333333335 0.6888888888888889 0.0375 0.25
10 0.8354166666666667 0.5768518518518518 0.015625 0.15925925925925927
11 0.5028645833333333 0.7143518518518519 0.0421875 0.25092592592592594
11 0.6265625 0.6564814814814816 0.04583333333333333 0.3703703703703704
11 0.75546875 0.7231481481481482 0.044270833333333336 0.2240740740740741
