0 0.10989583333333333 0.4550925925925926 0.06770833333333333 0.5916666666666667
0 0.234375 0.4486111111111111 0.059375 0.587962962962963
0 0.36223958333333334 0.4449074074074074 0.057812499999999996 0.5768518518518518
1 0.48046875 0.5203703703703704 0.058854166666666666 0.4240740740740741
1 0.5393229166666667 0.5194444444444445 0.04635416666666667 0.4203703703703704
1 0.6541666666666667 0.5111111111111112 0.06145833333333333 0.4166666666666667
5 0.6526041666666667 0.36388888888888893 0.059375 0.12592592592592594
6 0.36328125 0.22268518518518518 0.059895833333333336 0.12685185185185185
8 0.5419270833333333 0.3652777777777778 0.06302083333333333 0.1175925925925926
8 0.2375 0.21805555555555556 0.07083333333333333 0.1287037037037037
8 0.47812499999999997 0.3685185185185185 0.052083333333333336 0.12037037037037038
8 0.1109375 0.22546296296296298 0.06979166666666667 0.13611111111111113
10 0.1109375 0.48055555555555557 0.046875 0.2518518518518519
10 0.24244791666666665 0.5208333333333334 0.049479166666666664 0.3416666666666667
10 0.36432291666666666 0.48333333333333334 0.04635416666666667 0.24814814814814815
11 0.5434895833333333 0.6263888888888889 0.0296875 0.20277777777777778
