3 0.3932291666666667 0.6189814814814815 0.04791666666666666 0.2212962962962963
0 0.1828125 0.5023148148148149 0.065625 0.6657407407407407
0 0.31953125 0.4930555555555556 0.06197916666666667 0.6601851851851852
0 0.5153645833333333 0.48564814814814816 0.06197916666666667 0.6361111111111112
0 0.6432291666666666 0.47453703703703703 0.05625 0.6342592592592593
1 0.11614583333333334 0.5916666666666667 0.065625 0.4981481481481482
1 0.70390625 0.5555555555555556 0.0546875 0.4703703703703704
10 0.11458333333333333 0.6546296296296297 0.040625 0.31666666666666665
10 0.18776041666666665 0.5523148148148148 0.058854166666666666 0.3175925925925926
10 0.31796875 0.5435185185185185 0.04010416666666666 0.32407407407407407
10 0.5236979166666667 0.5356481481481482 0.0453125 0.3027777777777778
10 0.64296875 0.5398148148148149 0.04739583333333333 0.34074074074074073
11 0.7046875 0.6606481481481482 0.04479166666666667 0.25092592592592594
9 0.18125 0.23657407407407408 0.06666666666666667 0.1287037037037037
5 0.7041666666666666 0.3842592592592593 0.052083333333333336 0.1277777777777778
8 0.31927083333333334 0.22546296296296298 0.06145833333333333 0.12685185185185185
8 0.6442708333333333 0.21851851851851853 0.053125 0.11666666666666667
7 0.11588541666666667 0.40740740740740744 0.06302083333333333 0.12962962962962962
7 0.51484375 0.22962962962962963 0.057812499999999996 0.12962962962962962
