0 0.096875 0.5328703703703704 0.071875 0.7157407407407408
0 0.40260416666666665 0.5157407407407407 0.065625 0.7074074074074075
1 0.6169270833333333 0.6037037037037037 0.05677083333333333 0.5074074074074074
1 0.75703125 0.5935185185185186 0.058854166666666666 0.5111111111111112
4 0.25625 0.5731481481481482 0.06145833333333333 0.18333333333333335
4 0.5484375 0.5537037037037037 0.053125 0.17407407407407408
10 0.09791666666666667 0.5662037037037038 0.06875 0.3138888888888889
10 0.40390624999999997 0.5615740740740741 0.0609375 0.35833333333333334
11 0.7703125 0.7236111111111111 0.022916666666666665 0.23425925925925928
9 0.09609375 0.24305555555555555 0.07239583333333333 0.14166666666666666
5 0.40182291666666664 0.23194444444444445 0.0640625 0.14907407407407408
5 0.6205729166666667 0.4152777777777778 0.059895833333333336 0.14351851851851852
8 0.7596354166666667 0.4064814814814815 0.0640625 0.13148148148148148
