1 0.10703125 0.6268518518518519 0.0703125 0.49444444444444446
1 0.37473958333333335 0.6138888888888889 0.06302083333333333 0.4777777777777778
1 0.6190104166666667 0.6023148148148149 0.05260416666666667 0.46944444444444444
2 0.24765625 0.6208333333333333 0.049479166666666664 0.4861111111111111
0 0.49765624999999997 0.5259259259259259 0.0609375 0.6481481481481481
7 0.10625 0.44583333333333336 0.06875 0.13611111111111113
7 0.2513020833333333 0.4462962962962963 0.05364583333333333 0.12962962962962962
8 0.4986979166666667 0.27361111111111114 0.058854166666666666 0.13425925925925927
8 0.6216145833333333 0.43703703703703706 0.0546875 0.11851851851851852
9 0.3736979166666667 0.44027777777777777 0.059895833333333336 0.14537037037037037
11 0.11510416666666666 0.837962962962963 0.04791666666666666 0.06296296296296297
11 0.503125 0.6587962962962963 0.05416666666666667 0.3824074074074074
11 0.6216145833333333 0.7222222222222222 0.044270833333333336 0.22592592592592595
