8 0.7583333333333333 0.41620370370370374 0.06979166666666667 0.14537037037037037
0 0.1015625 0.5398148148148149 0.06666666666666667 0.7166666666666667
0 0.4002604166666667 0.5157407407407407 0.0671875 0.7018518518518518
1 0.62421875 0.6023148148148149 0.06302083333333333 0.5194444444444445
1 0.7591145833333334 0.6 0.058854166666666666 0.5
9 0.09947916666666666 0.2550925925925926 0.06875 0.1564814814814815
5 0.4010416666666667 0.24120370370370373 0.06875 0.15092592592592594
5 0.62265625 0.4185185185185185 0.06197916666666667 0.13518518518518519
10 0.10494791666666667 0.5685185185185185 0.0296875 0.29444444444444445
10 0.4161458333333333 0.5587962962962963 0.04895833333333333 0.28425925925925927
11 0.7713541666666667 0.7351851851851852 0.03854166666666667 0.21851851851851853
4 0.2526041666666667 0.5726851851851852 0.053125 0.19722222222222224
4 0.5489583333333333 0.5578703703703703 0.046875 0.18055555555555555
