7 0.7458333333333333 0.350462962962963 0.05625 0.1175925925925926
5 0.49921875 0.3740740740740741 0.058854166666666666 0.11666666666666667
8 0.6229166666666667 0.2064814814814815 0.057291666666666664 0.1277777777777778
8 0.37994791666666666 0.225 0.06197916666666667 0.12407407407407407
9 0.26328125 0.3907407407407408 0.0640625 0.11851851851851852
9 0.2 0.24305555555555555 0.06145833333333333 0.12685185185185185
10 0.26588541666666665 0.6037037037037037 0.0421875 0.2814814814814815
11 0.3854166666666667 0.5958333333333333 0.0375 0.30462962962962964
0 0.19765625 0.4638888888888889 0.0671875 0.5814814814814815
1 0.26666666666666666 0.5398148148148149 0.06354166666666666 0.4240740740740741
1 0.5028645833333333 0.5268518518518519 0.0671875 0.4314814814814815
2 0.7453125 0.5101851851851852 0.06041666666666667 0.44074074074074077
0 0.38046875 0.4518518518518519 0.06614583333333333 0.587037037037037
0 0.6229166666666667 0.4361111111111111 0.052083333333333336 0.5944444444444444
3 0.32578125 0.5041666666666667 0.04635416666666667 0.16018518518518518
3 0.4434895833333333 0.48888888888888893 0.049479166666666664 0.16111111111111112
3 0.5669270833333333 0.48055555555555557 0.05677083333333333 0.1574074074074074
