0 0.12916666666666665 0.5703703703703704 0.07291666666666667 0.6462962962962964
0 0.20234375 0.5611111111111111 0.0765625 0.6444444444444445
0 0.33229166666666665 0.5458333333333334 0.07395833333333333 0.6287037037037038
0 0.45989583333333334 0.5472222222222223 0.0625 0.6333333333333333
1 0.7091145833333333 0.6046296296296296 0.06302083333333333 0.4703703703703704
9 0.12682291666666667 0.3143518518518519 0.06822916666666666 0.13425925925925927
9 0.1984375 0.3111111111111111 0.065625 0.12592592592592594
9 0.70703125 0.43194444444444446 0.0546875 0.1287037037037037
8 0.32760416666666664 0.30092592592592593 0.053125 0.12407407407407407
7 0.45598958333333334 0.2986111111111111 0.057812499999999996 0.12685185185185185
11 0.14817708333333332 0.7050925925925926 0.05677083333333333 0.34351851851851856
10 0.21328125 0.5949074074074074 0.06822916666666666 0.2564814814814815
10 0.4739583333333333 0.5902777777777778 0.046875 0.24722222222222223
11 0.71484375 0.7023148148148148 0.03802083333333333 0.2657407407407408
