1 0.14166666666666666 0.5805555555555556 0.06875 0.5092592592592593
1 0.278125 0.5745370370370371 0.06458333333333333 0.5064814814814815
1 0.4127604166666667 0.5657407407407408 0.0609375 0.5092592592592593
0 0.5471354166666667 0.4967592592592593 0.057812499999999996 0.6416666666666667
1 0.68359375 0.5587962962962963 0.06197916666666667 0.5064814814814815
0 0.7528645833333333 0.487962962962963 0.05260416666666667 0.6407407407407407
7 0.14010416666666667 0.40046296296296297 0.065625 0.14537037037037037
5 0.27734375 0.3939814814814815 0.0609375 0.14166666666666666
6 0.41171874999999997 0.3851851851851852 0.058854166666666666 0.14814814814814814
8 0.6830729166666667 0.3768518518518519 0.058854166666666666 0.1462962962962963
10 0.15130208333333334 0.6601851851851852 0.04739583333333333 0.26851851851851855
11 0.41640625 0.6837962962962963 0.04635416666666667 0.2712962962962963
11 0.5463541666666667 0.6245370370370371 0.051041666666666666 0.3861111111111111
11 0.6830729166666667 0.6930555555555555 0.049479166666666664 0.23796296296296296
10 0.7682291666666666 0.5305555555555556 0.020833333333333332 0.1851851851851852
