4 0.3028645833333333 0.5171296296296296 0.050520833333333334 0.13425925925925927
4 0.5135416666666667 0.512962962962963 0.05 0.12407407407407407
0 0.18984375 0.4898148148148148 0.04635416666666667 0.5092592592592593
0 0.409375 0.4851851851851852 0.046875 0.5092592592592593
1 0.5690104166666666 0.5518518518518519 0.0453125 0.362962962962963
1 0.6703125 0.5527777777777778 0.04479166666666667 0.37592592592592594
10 0.19192708333333333 0.5120370370370371 0.03697916666666667 0.22222222222222224
10 0.4106770833333333 0.5208333333333334 0.03802083333333333 0.25462962962962965
11 0.6744791666666666 0.6523148148148148 0.019791666666666666 0.16018518518518518
9 0.19348958333333333 0.2833333333333333 0.04739583333333333 0.0962962962962963
5 0.40989583333333335 0.2791666666666667 0.04375 0.11203703703703705
5 0.5690104166666666 0.41712962962962963 0.04739583333333333 0.09537037037037037
8 0.6713541666666667 0.41435185185185186 0.04375 0.09537037037037037
