7 0.20755208333333333 0.4388888888888889 0.04739583333333333 0.10555555555555556
8 0.25859375 0.3078703703703704 0.05677083333333333 0.11388888888888889
9 0.36171875 0.43194444444444446 0.049479166666666664 0.10462962962962963
9 0.6609375 0.3013888888888889 0.04479166666666667 0.10648148148148148
5 0.4622395833333333 0.4277777777777778 0.043229166666666666 0.10555555555555556
5 0.559375 0.41435185185185186 0.05416666666666667 0.09907407407407408
11 0.20390624999999998 0.6643518518518519 0.033854166666666664 0.16018518518518518
11 0.2546875 0.625 0.036458333333333336 0.2574074074074074
11 0.6604166666666667 0.6032407407407407 0.03854166666666667 0.2638888888888889
10 0.18359375 0.6615740740740741 0.03697916666666667 0.1564814814814815
10 0.36171875 0.6189814814814815 0.025520833333333333 0.22870370370370371
10 0.5666666666666667 0.6148148148148148 0.025 0.21851851851851853
4 0.31197916666666664 0.5296296296296297 0.052083333333333336 0.1388888888888889
4 0.4145833333333333 0.5296296296296297 0.041666666666666664 0.1425925925925926
4 0.51015625 0.5092592592592593 0.024479166666666666 0.10740740740740741
1 0.20781249999999998 0.5671296296296297 0.05 0.36203703703703705
1 0.36302083333333335 0.5578703703703703 0.052083333333333336 0.3490740740740741
1 0.46380208333333334 0.5574074074074075 0.0328125 0.3592592592592593
1 0.56171875 0.55 0.0546875 0.3703703703703704
0 0.2643229166666667 0.5027777777777778 0.0640625 0.49259259259259264
0 0.6630208333333333 0.4865740740740741 0.04895833333333333 0.47500000000000003
