11 0.22682291666666665 0.825462962962963 0.044270833333333336 0.06759259259259259
11 0.61875 0.6486111111111111 0.052083333333333336 0.4027777777777778
11 0.7518229166666667 0.7222222222222222 0.05260416666666667 0.24629629629629632
1 0.21588541666666666 0.6106481481481482 0.06822916666666666 0.5064814814814815
1 0.4864583333333333 0.5949074074074074 0.06458333333333333 0.5101851851851852
1 0.75 0.5921296296296297 0.06145833333333333 0.513888888888889
2 0.35651041666666666 0.6037037037037037 0.050520833333333334 0.5074074074074074
0 0.6169270833333333 0.5092592592592593 0.06197916666666667 0.6870370370370371
7 0.21484375 0.42638888888888893 0.06614583333333333 0.13611111111111113
7 0.35859375 0.42592592592592593 0.0546875 0.1462962962962963
8 0.6174479166666667 0.23935185185185187 0.059895833333333336 0.1398148148148148
8 0.74921875 0.40694444444444444 0.06510416666666667 0.15833333333333333
9 0.48541666666666666 0.4185185185185185 0.07291666666666667 0.1462962962962963
