3 0.44687499999999997 0.6185185185185186 0.04479166666666667 0.20740740740740743
0 0.25390625 0.5115740740740741 0.05572916666666666 0.6194444444444445
0 0.3794270833333333 0.5041666666666667 0.0546875 0.6231481481481481
0 0.5614583333333333 0.4962962962962963 0.05520833333333333 0.6185185185185186
0 0.6856770833333333 0.48333333333333334 0.05677083333333333 0.6111111111111112
1 0.7479166666666667 0.5601851851851852 0.057291666666666664 0.45740740740740743
1 0.19427083333333334 0.5912037037037037 0.057291666666666664 0.4675925925925926
10 0.19114583333333332 0.65 0.03854166666666667 0.29814814814814816
10 0.2544270833333333 0.5504629629629629 0.05260416666666667 0.3027777777777778
10 0.37786458333333334 0.5476851851851852 0.0328125 0.30833333333333335
10 0.5684895833333333 0.5435185185185185 0.04114583333333333 0.3074074074074074
10 0.6859375 0.5453703703703704 0.04375 0.3351851851851852
11 0.7458333333333333 0.6652777777777779 0.04375 0.24722222222222223
9 0.2544270833333333 0.26481481481481484 0.0546875 0.12222222222222223
5 0.7471354166666666 0.39212962962962966 0.0515625 0.1212962962962963
8 0.3765625 0.24953703703703706 0.05520833333333333 0.11944444444444445
8 0.6875 0.23981481481481481 0.05 0.11481481481481481
7 0.5604166666666667 0.2490740740740741 0.05625 0.11481481481481481
7 0.19270833333333334 0.4185185185185185 0.05520833333333333 0.12037037037037038
