7 0.1265625 0.40370370370370373 0.06770833333333333 0.13333333333333333
8 0.19114583333333332 0.22361111111111112 0.06354166666666666 0.125
9 0.3296875 0.3990740740740741 0.065625 0.13333333333333333
9 0.7109375 0.21481481481481482 0.052083333333333336 0.1277777777777778
5 0.4627604166666667 0.38703703703703707 0.058854166666666666 0.12592592592592594
5 0.58515625 0.3680555555555556 0.0671875 0.125
10 0.10130208333333333 0.6967592592592593 0.0359375 0.20462962962962963
10 0.33828125 0.6314814814814815 0.03697916666666667 0.26851851851851855
10 0.590625 0.6208333333333333 0.026041666666666668 0.2638888888888889
11 0.12890625 0.6990740740740741 0.030729166666666665 0.2111111111111111
11 0.19947916666666665 0.6425925925925926 0.046875 0.3074074074074074
11 0.7151041666666667 0.600462962962963 0.04895833333333333 0.325
1 0.13046875 0.575925925925926 0.07239583333333333 0.4537037037037037
1 0.32916666666666666 0.5657407407407408 0.06666666666666667 0.4759259259259259
1 0.46041666666666664 0.5444444444444445 0.05520833333333333 0.4481481481481482
1 0.5890625 0.5416666666666667 0.06666666666666667 0.46296296296296297
0 0.19322916666666667 0.48194444444444445 0.06875 0.6546296296296297
0 0.7098958333333333 0.4564814814814815 0.053125 0.6166666666666667
4 0.259375 0.5143518518518518 0.04375 0.1564814814814815
4 0.4002604166666667 0.5055555555555555 0.0484375 0.15185185185185185
4 0.5221354166666666 0.49444444444444446 0.044270833333333336 0.13703703703703704
