0 0.07005208333333333 0.4939814814814815 0.07552083333333333 0.750925925925926
0 0.309375 0.47175925925925927 0.07395833333333333 0.7361111111111112
0 0.6080729166666666 0.4513888888888889 0.07135416666666666 0.7175925925925927
1 0.15520833333333334 0.587037037037037 0.08333333333333333 0.55
1 0.46171875 0.563425925925926 0.07135416666666666 0.525
2 0.7526041666666666 0.5398148148148149 0.06145833333333333 0.5259259259259259
9 0.07005208333333333 0.19675925925925927 0.07552083333333333 0.16574074074074074
9 0.1546875 0.3912037037037037 0.07395833333333333 0.15833333333333333
8 0.3078125 0.18611111111111112 0.07083333333333333 0.15925925925925927
5 0.46328125 0.3712962962962963 0.0703125 0.14814814814814814
8 0.6096354166666667 0.17592592592592593 0.07135416666666666 0.14814814814814814
7 0.7515625 0.3574074074074074 0.06145833333333333 0.1462962962962963
10 0.16197916666666667 0.6648148148148149 0.04791666666666666 0.35000000000000003
11 0.3169270833333333 0.6541666666666667 0.05572916666666666 0.3824074074074074
3 0.23723958333333334 0.5310185185185186 0.06197916666666667 0.2138888888888889
3 0.3890625 0.5111111111111112 0.06041666666666667 0.20555555555555557
3 0.5403645833333334 0.4990740740740741 0.058854166666666666 0.21481481481481482
