10 0.13229166666666667 0.5087962962962963 0.046875 0.3212962962962963
10 0.2838541666666667 0.55 0.05416666666666667 0.40370370370370373
10 0.43645833333333334 0.4953703703703704 0.057291666666666664 0.3
0 0.12994791666666666 0.47361111111111115 0.0765625 0.6990740740740741
0 0.28828125 0.47175925925925927 0.058854166666666666 0.7064814814814815
0 0.42994791666666665 0.45601851851851855 0.06822916666666666 0.6898148148148149
1 0.5729166666666666 0.5481481481481482 0.06979166666666667 0.5092592592592593
1 0.6484375 0.5486111111111112 0.05625 0.5046296296296297
1 0.78515625 0.5402777777777777 0.07135416666666666 0.5212962962962964
9 0.13177083333333334 0.1912037037037037 0.08125 0.14907407407407408
9 0.5747395833333333 0.3689814814814815 0.0671875 0.14351851851851852
8 0.2825520833333333 0.17962962962962964 0.06927083333333334 0.14074074074074075
8 0.6497395833333334 0.3648148148148148 0.058854166666666666 0.1425925925925926
6 0.4278645833333333 0.17962962962962964 0.06197916666666667 0.15
5 0.7885416666666667 0.34861111111111115 0.07291666666666667 0.14907407407407408
11 0.6515625 0.6916666666666667 0.034375 0.2240740740740741
