1 0.14791666666666667 0.5648148148148149 0.06979166666666667 0.5018518518518519
1 0.28020833333333334 0.5587962962962963 0.06458333333333333 0.4990740740740741
1 0.41484375 0.5541666666666667 0.06302083333333333 0.500925925925926
0 0.54609375 0.4847222222222222 0.05572916666666666 0.6305555555555555
1 0.6809895833333334 0.5444444444444445 0.0609375 0.49259259259259264
0 0.75 0.47824074074074074 0.051041666666666666 0.6287037037037038
7 0.14505208333333333 0.38657407407407407 0.06614583333333333 0.14537037037037037
5 0.2791666666666667 0.3814814814814815 0.059375 0.14074074074074075
6 0.41328125 0.375462962962963 0.06197916666666667 0.14722222222222223
8 0.68203125 0.36712962962962964 0.058854166666666666 0.14166666666666666
10 0.15885416666666666 0.6444444444444445 0.05 0.26851851851851855
10 0.7666666666666666 0.5143518518518518 0.017708333333333333 0.17685185185185187
11 0.41875 0.6703703703703704 0.04791666666666666 0.27222222222222225
11 0.5489583333333333 0.6087962962962963 0.04791666666666666 0.3861111111111111
11 0.6825520833333333 0.6773148148148148 0.0484375 0.23425925925925928
