0 0.12604166666666666 0.48379629629629634 0.078125 0.7138888888888889
0 0.3578125 0.4708333333333333 0.06979166666666667 0.7287037037037037
0 0.6580729166666667 0.4481481481481482 0.07239583333333333 0.7314814814814815
1 0.20963541666666666 0.5782407407407407 0.07239583333333333 0.5342592592592593
1 0.5057291666666667 0.5587962962962963 0.075 0.537962962962963
2 0.8020833333333334 0.538425925925926 0.05625 0.5361111111111111
9 0.12630208333333334 0.20277777777777778 0.07760416666666667 0.14814814814814814
9 0.20911458333333333 0.3893518518518519 0.06822916666666666 0.15092592592592594
8 0.3559895833333333 0.18055555555555555 0.06822916666666666 0.1537037037037037
8 0.6598958333333333 0.1615740740740741 0.06875 0.16203703703703703
5 0.5059895833333333 0.3685185185185185 0.0703125 0.1574074074074074
7 0.8044270833333333 0.3523148148148148 0.06302083333333333 0.16574074074074074
11 0.36614583333333334 0.6532407407407408 0.04479166666666667 0.3490740740740741
10 0.21510416666666665 0.6513888888888889 0.04791666666666666 0.33425925925925926
3 0.28671875 0.524537037037037 0.058854166666666666 0.20277777777777778
3 0.4354166666666667 0.5101851851851852 0.05520833333333333 0.17777777777777778
3 0.5854166666666667 0.5060185185185185 0.05416666666666667 0.18611111111111112
