5 0.7065104166666667 0.3597222222222222 0.06302083333333333 0.14166666666666666
0 0.134375 0.46944444444444444 0.06770833333333333 0.6185185185185186
0 0.2669270833333333 0.4615740740740741 0.06302083333333333 0.612037037037037
0 0.3971354166666667 0.4550925925925926 0.057812499999999996 0.6083333333333334
1 0.5231770833333333 0.5282407407407408 0.059895833333333336 0.437962962962963
1 0.58671875 0.5305555555555556 0.05572916666666666 0.4518518518518519
1 0.7046875 0.5148148148148148 0.053125 0.4462962962962963
9 0.13333333333333333 0.22870370370370371 0.06979166666666667 0.13703703703703704
9 0.5205729166666666 0.3712962962962963 0.0546875 0.12407407407407407
8 0.2682291666666667 0.2189814814814815 0.0625 0.13240740740740742
8 0.5869791666666666 0.3699074074074074 0.053125 0.12685185185185185
6 0.4002604166666667 0.21851851851851853 0.0640625 0.12592592592592594
10 0.13385416666666666 0.5023148148148149 0.03333333333333333 0.2657407407407408
10 0.2721354166666667 0.5402777777777777 0.04635416666666667 0.3472222222222222
10 0.4036458333333333 0.4912037037037037 0.04375 0.24351851851851852
11 0.5888020833333333 0.6449074074074075 0.030729166666666665 0.1953703703703704
