0 0.19036458333333334 0.4800925925925926 0.05364583333333333 0.5601851851851852
0 0.30494791666666665 0.4828703703703704 0.05260416666666667 0.5546296296296297
0 0.41953124999999997 0.4851851851851852 0.050520833333333334 0.5611111111111111
0 0.5372395833333333 0.5018518518518519 0.043229166666666666 0.5222222222222223
0 0.6549479166666666 0.48194444444444445 0.049479166666666664 0.5787037037037037
10 0.18072916666666666 0.48333333333333334 0.02395833333333333 0.19074074074074074
10 0.42552083333333335 0.5351851851851852 0.036458333333333336 0.25
10 0.65234375 0.513425925925926 0.033854166666666664 0.24722222222222223
5 0.18984375 0.25972222222222224 0.05260416666666667 0.1212962962962963
6 0.3046875 0.26296296296296295 0.052083333333333336 0.12222222222222223
7 0.4192708333333333 0.2638888888888889 0.04895833333333333 0.11851851851851852
8 0.6536458333333334 0.25 0.04895833333333333 0.11851851851851852
11 0.53515625 0.6171296296296297 0.024479166666666666 0.28611111111111115
