4 0.2950520833333333 0.5050925925925926 0.058854166666666666 0.17314814814814816
4 0.5567708333333333 0.4865740740740741 0.051041666666666666 0.16018518518518518
0 0.15052083333333333 0.47453703703703703 0.06041666666666667 0.6583333333333333
0 0.4270833333333333 0.45555555555555555 0.057291666666666664 0.638888888888889
1 0.6260416666666666 0.5310185185185186 0.057291666666666664 0.4675925925925926
1 0.7533854166666667 0.5277777777777778 0.057812499999999996 0.46296296296296297
10 0.15130208333333334 0.5 0.0453125 0.2851851851851852
10 0.42682291666666666 0.5064814814814815 0.04635416666666667 0.32222222222222224
11 0.7640625 0.6546296296296297 0.026041666666666668 0.18888888888888888
9 0.15234375 0.20555555555555557 0.06510416666666667 0.12037037037037038
5 0.4263020833333333 0.2 0.05572916666666666 0.13518518518518519
5 0.6252604166666667 0.36064814814814816 0.05364583333333333 0.12685185185185185
8 0.7552083333333334 0.35879629629629634 0.059375 0.11944444444444445
