1 0.15078125 0.6393518518518518 0.058854166666666666 0.4842592592592593
2 0.2911458333333333 0.6453703703703704 0.046875 0.48333333333333334
1 0.41822916666666665 0.6416666666666667 0.058333333333333334 0.4851851851851852
0 0.5427083333333333 0.5523148148148148 0.06458333333333333 0.6472222222222223
1 0.6669270833333333 0.6347222222222223 0.057812499999999996 0.48240740740740745
7 0.153125 0.4675925925925926 0.06041666666666667 0.13703703703703704
7 0.29140625 0.47314814814814815 0.049479166666666664 0.1388888888888889
9 0.4171875 0.4625 0.05625 0.13611111111111113
8 0.54296875 0.3013888888888889 0.0640625 0.14537037037037037
8 0.6677083333333333 0.46296296296296297 0.06145833333333333 0.1462962962962963
11 0.16197916666666667 0.8527777777777779 0.04791666666666666 0.06851851851851852
11 0.5442708333333334 0.6865740740740741 0.04583333333333333 0.3805555555555556
11 0.6682291666666667 0.7560185185185185 0.052083333333333336 0.24537037037037038
