4 0.30364583333333334 0.5527777777777778 0.057291666666666664 0.16666666666666669
4 0.58125 0.5287037037037037 0.05625 0.17037037037037037
0 0.15625 0.5194444444444445 0.06666666666666667 0.6851851851851852
0 0.4466145833333333 0.5023148148148149 0.058854166666666666 0.6805555555555556
1 0.65390625 0.5842592592592593 0.0609375 0.5074074074074074
1 0.7854166666666667 0.575925925925926 0.06458333333333333 0.4851851851851852
10 0.15703125 0.5412037037037037 0.049479166666666664 0.2990740740740741
10 0.44609375 0.5513888888888889 0.049479166666666664 0.33796296296296297
11 0.80078125 0.7083333333333334 0.024479166666666666 0.21296296296296297
9 0.15703125 0.24212962962962964 0.06510416666666667 0.1287037037037037
5 0.44817708333333334 0.23194444444444445 0.058854166666666666 0.14351851851851852
5 0.6526041666666667 0.3976851851851852 0.059375 0.13425925925925927
8 0.78671875 0.39305555555555555 0.0640625 0.125
