3 0.4265625 0.6101851851851852 0.04791666666666666 0.20740740740740743
0 0.23229166666666667 0.5032407407407408 0.057291666666666664 0.6287037037037038
0 0.3578125 0.48935185185185187 0.05625 0.6194444444444445
0 0.5416666666666666 0.48750000000000004 0.058333333333333334 0.6064814814814815
0 0.6669270833333333 0.4791666666666667 0.0546875 0.6083333333333334
1 0.17213541666666665 0.5814814814814815 0.057812499999999996 0.46851851851851856
1 0.72578125 0.5574074074074075 0.0546875 0.45740740740740743
10 0.16875 0.6351851851851852 0.0375 0.2962962962962963
10 0.23515624999999998 0.538425925925926 0.0515625 0.31203703703703706
10 0.3559895833333333 0.5393518518518519 0.0359375 0.30462962962962964
10 0.5463541666666667 0.5342592592592593 0.041666666666666664 0.2962962962962963
10 0.6669270833333333 0.5388888888888889 0.043229166666666666 0.32962962962962966
11 0.7270833333333333 0.6583333333333333 0.04375 0.24629629629629632
9 0.23203125 0.25092592592592594 0.05364583333333333 0.12222222222222223
5 0.7263020833333333 0.3888888888888889 0.05364583333333333 0.12222222222222223
8 0.3598958333333333 0.23935185185185187 0.057291666666666664 0.11944444444444445
8 0.66640625 0.23333333333333334 0.05364583333333333 0.11296296296296297
7 0.17083333333333334 0.4087962962962963 0.057291666666666664 0.12685185185185185
7 0.5427083333333333 0.24444444444444446 0.05625 0.11851851851851852
