3 0.39453125 0.6333333333333333 0.0453125 0.23333333333333334
0 0.17526041666666667 0.5180555555555556 0.0671875 0.6972222222222223
0 0.32005208333333335 0.5074074074074074 0.06302083333333333 0.6907407407407408
0 0.5208333333333334 0.4986111111111111 0.06145833333333333 0.6620370370370371
0 0.6513020833333333 0.48750000000000004 0.058854166666666666 0.6509259259259259
1 0.7135416666666666 0.5648148148148149 0.05520833333333333 0.4814814814814815
1 0.10625 0.6129629629629629 0.06875 0.5166666666666667
10 0.10364583333333333 0.675 0.046875 0.3388888888888889
10 0.18046875 0.5657407407407408 0.059895833333333336 0.34444444444444444
10 0.3169270833333333 0.5601851851851852 0.0421875 0.34074074074074073
10 0.52734375 0.5472222222222223 0.044270833333333336 0.31666666666666665
10 0.6520833333333333 0.5527777777777778 0.04375 0.35185185185185186
11 0.7135416666666666 0.6768518518518519 0.04375 0.25925925925925924
9 0.17317708333333334 0.24166666666666667 0.0671875 0.1388888888888889
5 0.7138020833333333 0.39583333333333337 0.0546875 0.1287037037037037
8 0.3190104166666667 0.23194444444444445 0.06302083333333333 0.13796296296296298
8 0.653125 0.22592592592592595 0.057291666666666664 0.1277777777777778
7 0.5213541666666667 0.23564814814814816 0.06041666666666667 0.13611111111111113
7 0.10572916666666667 0.4240740740740741 0.06770833333333333 0.1388888888888889
