3 0.4700520833333333 0.6074074074074074 0.0421875 0.20185185185185187
0 0.2817708333333333 0.5074074074074074 0.057291666666666664 0.5925925925925926
0 0.403125 0.5 0.05416666666666667 0.6018518518518519
0 0.58125 0.48750000000000004 0.053125 0.5824074074074075
0 0.7026041666666667 0.47731481481481486 0.052083333333333336 0.5953703703703704
1 0.22421875 0.5833333333333334 0.059895833333333336 0.45
1 0.7572916666666667 0.549537037037037 0.04895833333333333 0.45092592592592595
10 0.22421875 0.6439814814814815 0.0359375 0.28611111111111115
10 0.2875 0.5476851851851852 0.052083333333333336 0.2916666666666667
10 0.40234375 0.5393518518518519 0.0328125 0.2898148148148148
10 0.5888020833333333 0.5328703703703704 0.0390625 0.28240740740740744
10 0.7013020833333333 0.5351851851851852 0.043229166666666666 0.3111111111111111
11 0.75703125 0.649537037037037 0.04114583333333333 0.23425925925925928
9 0.28020833333333334 0.27083333333333337 0.052083333333333336 0.11388888888888889
5 0.7580729166666667 0.39212962962962966 0.050520833333333334 0.1212962962962963
8 0.4044270833333333 0.2537037037037037 0.050520833333333334 0.10925925925925926
8 0.70234375 0.24027777777777778 0.049479166666666664 0.1175925925925926
7 0.22552083333333334 0.42453703703703705 0.057291666666666664 0.11944444444444445
7 0.5796875 0.2550925925925926 0.053125 0.1175925925925926
