4 0.32369791666666664 0.47222222222222227 0.050520833333333334 0.15555555555555556
4 0.5692708333333333 0.4615740740740741 0.04791666666666666 0.14907407407407408
0 0.19036458333333334 0.4388888888888889 0.058854166666666666 0.6074074074074074
0 0.4458333333333333 0.42824074074074076 0.05625 0.6083333333333334
1 0.6325520833333333 0.5 0.0515625 0.43703703703703706
1 0.7513020833333334 0.49259259259259264 0.05364583333333333 0.4351851851851852
10 0.18854166666666666 0.4675925925925926 0.03854166666666667 0.26851851851851855
10 0.44635416666666666 0.4759259259259259 0.046875 0.3092592592592593
11 0.7625 0.6129629629629629 0.026041666666666668 0.1851851851851852
9 0.19010416666666666 0.19814814814814816 0.057291666666666664 0.12407407407407407
5 0.44557291666666665 0.18425925925925926 0.05364583333333333 0.12222222222222223
5 0.6330729166666667 0.33935185185185185 0.05364583333333333 0.11574074074074074
8 0.753125 0.33333333333333337 0.05520833333333333 0.11296296296296297
