4 0.2950520833333333 0.4847222222222222 0.044270833333333336 0.14166666666666666
4 0.4145833333333333 0.47222222222222227 0.03333333333333333 0.12962962962962962
4 0.5330729166666667 0.4763888888888889 0.028645833333333332 0.12685185185185185
11 0.1765625 0.6476851851851853 0.026041666666666668 0.18425925925925926
11 0.23645833333333333 0.5976851851851852 0.041666666666666664 0.2953703703703704
11 0.7114583333333333 0.5796296296296296 0.03854166666666667 0.29814814814814816
10 0.14973958333333334 0.638425925925926 0.0328125 0.17685185185185187
10 0.35625 0.5976851851851852 0.03229166666666666 0.25833333333333336
10 0.59375 0.5967592592592593 0.035416666666666666 0.23611111111111113
7 0.17734375 0.38657407407407407 0.0609375 0.11944444444444445
8 0.23619791666666667 0.2240740740740741 0.0546875 0.11851851851851852
9 0.3578125 0.37592592592592594 0.052083333333333336 0.10925925925925926
9 0.7106770833333333 0.21851851851851853 0.0546875 0.12407407407407407
5 0.4765625 0.3773148148148148 0.05520833333333333 0.11388888888888889
5 0.5901041666666667 0.3578703703703704 0.052083333333333336 0.11944444444444445
1 0.17135416666666667 0.5370370370370371 0.052083333333333336 0.4185185185185185
1 0.35651041666666666 0.5287037037037037 0.050520833333333334 0.42962962962962964
1 0.47369791666666666 0.5240740740740741 0.0515625 0.41481481481481486
1 0.5908854166666666 0.5175925925925926 0.0484375 0.4444444444444445
0 0.23776041666666667 0.4439814814814815 0.058854166666666666 0.5768518518518518
0 0.7080729166666666 0.44583333333333336 0.04635416666666667 0.5712962962962963
