4 0.3052083333333333 0.537962962962963 0.057291666666666664 0.16666666666666669
4 0.5611979166666666 0.5157407407407407 0.0546875 0.15185185185185185
0 0.16796875 0.5125000000000001 0.0609375 0.6305555555555555
0 0.4317708333333333 0.4898148148148148 0.05625 0.625925925925926
1 0.62578125 0.5550925925925926 0.057812499999999996 0.45092592592592595
1 0.74921875 0.5509259259259259 0.0609375 0.4462962962962963
10 0.1703125 0.5388888888888889 0.04479166666666667 0.27037037037037037
10 0.43515624999999997 0.5356481481481482 0.04635416666666667 0.3175925925925926
11 0.7622395833333333 0.675462962962963 0.0265625 0.19166666666666668
9 0.16796875 0.25972222222222224 0.057812499999999996 0.1175925925925926
5 0.43072916666666666 0.23981481481481481 0.05625 0.12592592592592594
5 0.6252604166666667 0.39305555555555555 0.05677083333333333 0.125
8 0.7484375 0.3912037037037037 0.05625 0.11203703703703705
