3 0.4419270833333333 0.6125 0.043229166666666666 0.2138888888888889
0 0.24921875 0.5023148148148149 0.057812499999999996 0.6157407407407408
0 0.37395833333333334 0.49768518518518523 0.05625 0.6175925925925926
0 0.5533854166666666 0.49212962962962964 0.057812499999999996 0.6138888888888889
0 0.6799479166666667 0.4842592592592593 0.05572916666666666 0.6092592592592593
1 0.18854166666666666 0.5833333333333334 0.057291666666666664 0.45555555555555555
1 0.7393229166666666 0.5620370370370371 0.0546875 0.45740740740740743
10 0.18854166666666666 0.6393518518518518 0.035416666666666666 0.2990740740740741
10 0.25234375 0.5449074074074074 0.05364583333333333 0.2972222222222222
10 0.37213541666666666 0.5398148148148149 0.0359375 0.30185185185185187
10 0.5614583333333333 0.5333333333333333 0.040625 0.2925925925925926
10 0.6776041666666667 0.5439814814814815 0.04375 0.325
11 0.7403645833333333 0.6597222222222222 0.0453125 0.25462962962962965
9 0.24895833333333334 0.25833333333333336 0.057291666666666664 0.12407407407407407
5 0.7395833333333334 0.3939814814814815 0.05416666666666667 0.1175925925925926
8 0.3734375 0.2476851851851852 0.05520833333333333 0.1175925925925926
8 0.6807291666666666 0.23935185185185187 0.05416666666666667 0.11388888888888889
7 0.5544270833333333 0.250462962962963 0.0546875 0.1175925925925926
7 0.18854166666666666 0.41574074074074074 0.06041666666666667 0.12222222222222223
