4 0.27838541666666666 0.5314814814814816 0.0640625 0.1925925925925926
4 0.5697916666666667 0.512962962962963 0.05520833333333333 0.17037037037037037
0 0.11927083333333333 0.4953703703703704 0.07291666666666667 0.737037037037037
0 0.42734374999999997 0.47685185185185186 0.06614583333333333 0.7111111111111111
1 0.6442708333333333 0.5587962962962963 0.06458333333333333 0.5083333333333333
1 0.77890625 0.5541666666666667 0.058854166666666666 0.4990740740740741
10 0.11953124999999999 0.5273148148148148 0.04739583333333333 0.3194444444444445
10 0.42942708333333335 0.5351851851851852 0.05364583333333333 0.3648148148148148
11 0.7916666666666666 0.6921296296296297 0.021875 0.21203703703703705
9 0.11927083333333333 0.19907407407407407 0.06979166666666667 0.13703703703703704
5 0.42890625 0.19305555555555556 0.06197916666666667 0.1398148148148148
5 0.6447916666666667 0.3773148148148148 0.065625 0.14166666666666666
8 0.7809895833333333 0.3685185185185185 0.057812499999999996 0.12037037037037038
