3 0.4473958333333333 0.5319444444444444 0.04375 0.19722222222222224
0 0.2791666666666667 0.43194444444444446 0.046875 0.5527777777777778
0 0.39010416666666664 0.42824074074074076 0.052083333333333336 0.5509259259259259
0 0.54921875 0.4199074074074074 0.0515625 0.537962962962963
0 0.6598958333333333 0.4134259259259259 0.04895833333333333 0.5361111111111111
1 0.22708333333333333 0.5064814814814815 0.04895833333333333 0.40925925925925927
1 0.7122395833333334 0.4842592592592593 0.049479166666666664 0.40555555555555556
10 0.22421875 0.5564814814814815 0.034895833333333334 0.26481481481481484
10 0.28046875 0.4708333333333333 0.04739583333333333 0.2712962962962963
10 0.38385416666666666 0.46342592592592596 0.03125 0.26944444444444443
10 0.55390625 0.4587962962962963 0.03697916666666667 0.2712962962962963
10 0.659375 0.46805555555555556 0.03958333333333333 0.2953703703703704
11 0.71015625 0.5722222222222223 0.03697916666666667 0.21851851851851853
9 0.27708333333333335 0.21435185185185185 0.04791666666666666 0.11203703703703705
5 0.7109375 0.33472222222222225 0.046875 0.10462962962962963
8 0.3888020833333333 0.20277777777777778 0.044270833333333336 0.1
8 0.65703125 0.19583333333333333 0.049479166666666664 0.09907407407407408
7 0.22734374999999998 0.3592592592592593 0.049479166666666664 0.10925925925925926
7 0.5497395833333333 0.20740740740740743 0.0484375 0.10925925925925926
