11 0.63671875 0.7074074074074075 0.027604166666666666 0.2351851851851852
0 0.11822916666666666 0.5 0.078125 0.712962962962963
0 0.26875 0.49444444444444446 0.06770833333333333 0.7018518518518518
0 0.4161458333333333 0.4791666666666667 0.06770833333333333 0.7064814814814815
1 0.5583333333333333 0.5703703703703704 0.06458333333333333 0.5240740740740741
1 0.6356770833333333 0.5740740740740741 0.06614583333333333 0.5074074074074074
1 0.7708333333333334 0.5703703703703704 0.065625 0.5092592592592593
9 0.11666666666666667 0.2199074074074074 0.075 0.14907407407407408
9 0.5583333333333333 0.3939814814814815 0.06458333333333333 0.14166666666666666
8 0.26979166666666665 0.2111111111111111 0.078125 0.1462962962962963
8 0.63671875 0.39537037037037037 0.06302083333333333 0.1388888888888889
6 0.41744791666666664 0.20740740740740743 0.06614583333333333 0.14444444444444446
5 0.77265625 0.38333333333333336 0.0765625 0.15925925925925927
10 0.1171875 0.5296296296296297 0.040625 0.29444444444444445
10 0.26953125 0.5814814814814815 0.04635416666666667 0.40370370370370373
10 0.4239583333333333 0.5300925925925926 0.04791666666666666 0.30462962962962964
