0 0.11562499999999999 0.487962962962963 0.05 0.5888888888888889
0 0.31796875 0.46620370370370373 0.05572916666666666 0.6287037037037038
0 0.5768229166666666 0.48194444444444445 0.04739583333333333 0.5768518518518518
1 0.18229166666666666 0.5509259259259259 0.05625 0.46296296296296297
1 0.4466145833333333 0.5657407407407408 0.04635416666666667 0.4166666666666667
9 0.70078125 0.5412037037037037 0.0515625 0.45833333333333337
4 0.2526041666666667 0.5087962962962963 0.053125 0.16203703703703703
4 0.3833333333333333 0.5018518518518519 0.053125 0.15185185185185185
4 0.51015625 0.5018518518518519 0.04739583333333333 0.15925925925925927
10 0.18098958333333334 0.6268518518518519 0.0296875 0.27222222222222225
10 0.5822916666666667 0.513425925925926 0.034375 0.2657407407407408
11 0.3145833333333333 0.6277777777777778 0.027083333333333334 0.29814814814814816
9 0.18333333333333332 0.3851851851851852 0.058333333333333334 0.1277777777777778
8 0.3177083333333333 0.2162037037037037 0.053125 0.13240740740740742
7 0.7013020833333333 0.3731481481481482 0.050520833333333334 0.12222222222222223
