1 0.20494791666666667 0.575462962962963 0.05364583333333333 0.4064814814814815
1 0.3145833333333333 0.5694444444444444 0.053125 0.40925925925925927
1 0.42265625 0.5638888888888889 0.05260416666666667 0.412962962962963
0 0.5286458333333334 0.5064814814814815 0.04895833333333333 0.5203703703703704
1 0.6388020833333333 0.5537037037037037 0.049479166666666664 0.40925925925925927
0 0.6958333333333333 0.4986111111111111 0.041666666666666664 0.5157407407407407
7 0.2046875 0.42962962962962964 0.053125 0.11481481481481481
5 0.31354166666666666 0.4217592592592593 0.051041666666666666 0.1175925925925926
6 0.42265625 0.4152777777777778 0.0515625 0.11574074074074074
8 0.6388020833333333 0.40694444444444444 0.04739583333333333 0.11574074074074074
10 0.21197916666666666 0.6398148148148148 0.036458333333333336 0.22222222222222224
10 0.7078125 0.5273148148148148 0.015625 0.14351851851851852
11 0.42526041666666664 0.6583333333333333 0.04010416666666666 0.2240740740740741
11 0.53203125 0.6078703703703704 0.0421875 0.3175925925925926
11 0.6393229166666666 0.6620370370370371 0.03802083333333333 0.1925925925925926
