0 0.17239583333333333 0.47222222222222227 0.04791666666666666 0.5240740740740741
1 0.23359375 0.5263888888888889 0.05260416666666667 0.4064814814814815
0 0.35130208333333335 0.44722222222222224 0.050520833333333334 0.5518518518518519
4 0.40703125 0.45 0.043229166666666666 0.14074074074074075
1 0.46458333333333335 0.5319444444444444 0.03958333333333333 0.36944444444444446
0 0.52265625 0.4625 0.04114583333333333 0.5046296296296297
0 0.5763020833333333 0.46111111111111114 0.04114583333333333 0.5
2 0.6833333333333333 0.5087962962962963 0.04375 0.39351851851851855
3 0.62890625 0.5162037037037037 0.0453125 0.287962962962963
10 0.23333333333333334 0.5902777777777778 0.026041666666666668 0.23796296296296296
11 0.35182291666666665 0.5810185185185185 0.030729166666666665 0.27870370370370373
10 0.5169270833333334 0.4842592592592593 0.0296875 0.22777777777777777
10 0.5807291666666666 0.49583333333333335 0.03125 0.25092592592592594
