10 0.14791666666666667 0.5226851851851853 0.03958333333333333 0.28240740740740744
10 0.28854166666666664 0.5648148148148149 0.057291666666666664 0.3703703703703704
10 0.42890625 0.5148148148148148 0.0421875 0.29074074074074074
11 0.6291666666666667 0.6759259259259259 0.029166666666666667 0.22592592592592595
0 0.14609375 0.4935185185185185 0.06927083333333334 0.662962962962963
0 0.28359375 0.48750000000000004 0.0671875 0.6657407407407407
0 0.42343749999999997 0.47824074074074074 0.06145833333333333 0.6564814814814816
1 0.55546875 0.5550925925925926 0.0703125 0.47870370370370374
1 0.625 0.5555555555555556 0.06145833333333333 0.4703703703703704
1 0.7518229166666667 0.538425925925926 0.059895833333333336 0.47314814814814815
9 0.1453125 0.23472222222222222 0.06770833333333333 0.1398148148148148
9 0.5580729166666667 0.38333333333333336 0.07239583333333333 0.14814814814814814
8 0.2817708333333333 0.22453703703703703 0.071875 0.1398148148148148
8 0.6263020833333334 0.38287037037037036 0.0640625 0.13425925925925927
6 0.42421875 0.2189814814814815 0.06822916666666666 0.13611111111111113
5 0.7518229166666667 0.3787037037037037 0.06822916666666666 0.13333333333333333
