3 0.48411458333333335 0.612037037037037 0.0421875 0.2111111111111111
0 0.30026041666666664 0.5074074074074074 0.05677083333333333 0.5962962962962963
0 0.4203125 0.5023148148148149 0.05416666666666667 0.6027777777777777
0 0.5963541666666666 0.4967592592592593 0.059375 0.5990740740740741
0 0.72109375 0.48935185185185187 0.05364583333333333 0.5990740740740741
1 0.24244791666666665 0.5851851851851853 0.05364583333333333 0.43703703703703706
1 0.7802083333333333 0.563425925925926 0.051041666666666666 0.44537037037037036
10 0.24140625 0.6402777777777778 0.034895833333333334 0.28240740740740744
10 0.303125 0.5462962962962963 0.04791666666666666 0.2888888888888889
10 0.4153645833333333 0.5449074074074074 0.03177083333333333 0.287962962962963
10 0.6049479166666667 0.5425925925925926 0.04114583333333333 0.28703703703703703
10 0.7208333333333333 0.5504629629629629 0.042708333333333334 0.32685185185185184
11 0.7807291666666667 0.6648148148148149 0.040625 0.2388888888888889
9 0.29921875 0.27037037037037037 0.05364583333333333 0.11666666666666667
5 0.7794270833333333 0.3995370370370371 0.0515625 0.11944444444444445
8 0.4197916666666667 0.25833333333333336 0.053125 0.11481481481481481
8 0.7205729166666667 0.24444444444444446 0.05260416666666667 0.12037037037037038
7 0.2421875 0.42314814814814816 0.05520833333333333 0.11666666666666667
7 0.5958333333333333 0.2587962962962963 0.057291666666666664 0.11388888888888889
