7 0.12421875 0.4064814814814815 0.0671875 0.13703703703703704
8 0.19661458333333334 0.22824074074074074 0.06510416666666667 0.13796296296296298
9 0.33125 0.4083333333333333 0.06145833333333333 0.13518518518518519
9 0.7421875 0.23657407407407408 0.0625 0.1398148148148148
5 0.47109375 0.40740740740740744 0.06614583333333333 0.13518518518518519
5 0.6026041666666666 0.3976851851851852 0.07291666666666667 0.14166666666666666
1 0.12473958333333333 0.5837962962962964 0.0734375 0.487962962962963
1 0.33177083333333335 0.5837962962962964 0.06145833333333333 0.48055555555555557
1 0.46770833333333334 0.5828703703703704 0.059375 0.4898148148148148
1 0.6010416666666667 0.5814814814814815 0.057291666666666664 0.5037037037037038
0 0.19895833333333332 0.49722222222222223 0.06458333333333333 0.6648148148148149
0 0.73828125 0.4990740740740741 0.05260416666666667 0.6611111111111111
4 0.26067708333333334 0.5310185185185186 0.0515625 0.1564814814814815
4 0.39791666666666664 0.5328703703703704 0.04583333333333333 0.16574074074074074
4 0.5328125 0.5310185185185186 0.041666666666666664 0.1527777777777778
11 0.12395833333333334 0.7175925925925927 0.035416666666666666 0.21296296296296297
11 0.7354166666666666 0.6509259259259259 0.03958333333333333 0.35000000000000003
10 0.08880208333333334 0.7087962962962964 0.0296875 0.19722222222222224
10 0.33151041666666664 0.6601851851851852 0.033854166666666664 0.29444444444444445
10 0.59765625 0.6652777777777779 0.030729166666666665 0.2712962962962963
11 0.18958333333333333 0.6541666666666667 0.029166666666666667 0.3416666666666667
