3 0.453125 0.6078703703703704 0.04583333333333333 0.20833333333333334
0 0.26510416666666664 0.49768518518518523 0.06041666666666667 0.612037037037037
0 0.3854166666666667 0.4939814814814815 0.05625 0.6101851851851852
0 0.5690104166666666 0.4851851851851852 0.058854166666666666 0.6111111111111112
0 0.6924479166666666 0.4791666666666667 0.05572916666666666 0.6138888888888889
1 0.7505208333333333 0.5537037037037037 0.052083333333333336 0.45555555555555555
1 0.20572916666666666 0.5814814814814815 0.05416666666666667 0.4537037037037037
10 0.20494791666666667 0.6337962962962963 0.03802083333333333 0.2953703703703704
10 0.26484375 0.5402777777777777 0.050520833333333334 0.30648148148148147
10 0.38515625 0.5333333333333333 0.03177083333333333 0.30185185185185187
10 0.5747395833333333 0.5314814814814816 0.04114583333333333 0.3
10 0.6921875 0.5370370370370371 0.04479166666666667 0.32962962962962966
11 0.7526041666666666 0.6564814814814816 0.042708333333333334 0.24629629629629632
9 0.2638020833333333 0.2587962962962963 0.0546875 0.12314814814814816
5 0.7515625 0.3888888888888889 0.052083333333333336 0.12222222222222223
8 0.38645833333333335 0.2476851851851852 0.05625 0.1175925925925926
8 0.6921875 0.23425925925925928 0.051041666666666666 0.11481481481481481
7 0.56640625 0.24444444444444446 0.058854166666666666 0.11481481481481481
7 0.20729166666666665 0.41435185185185186 0.05625 0.11944444444444445
