11 0.6546875 0.674074074074074 0.03333333333333333 0.22962962962962963
0 0.14401041666666667 0.47361111111111115 0.07239583333333333 0.6990740740740741
0 0.2921875 0.46620370370370373 0.06666666666666667 0.6935185185185185
0 0.43828125 0.4587962962962963 0.06822916666666666 0.6935185185185185
1 0.57578125 0.5439814814814815 0.06197916666666667 0.5046296296296297
1 0.6528645833333333 0.5430555555555556 0.058854166666666666 0.5027777777777778
1 0.790625 0.5337962962962963 0.06041666666666667 0.513888888888889
9 0.14375 0.19675925925925927 0.07395833333333333 0.15092592592592594
9 0.5729166666666666 0.36203703703703705 0.05625 0.13703703703703704
8 0.6533854166666666 0.3652777777777778 0.057812499999999996 0.14166666666666666
8 0.28854166666666664 0.1875 0.07083333333333333 0.14166666666666666
6 0.43463541666666666 0.1800925925925926 0.06927083333333334 0.1564814814814815
5 0.7911458333333333 0.3560185185185185 0.06770833333333333 0.14351851851851852
10 0.14322916666666666 0.5046296296296297 0.046875 0.3
10 0.2921875 0.5523148148148148 0.053125 0.39537037037037037
10 0.43333333333333335 0.5078703703703704 0.028125 0.2953703703703704
