3 0.45078124999999997 0.6157407407407408 0.04739583333333333 0.20925925925925926
0 0.2643229166666667 0.5101851851851852 0.058854166666666666 0.6074074074074074
0 0.3875 0.5013888888888889 0.05520833333333333 0.6138888888888889
0 0.56640625 0.4935185185185185 0.05572916666666666 0.6018518518518519
0 0.68984375 0.48888888888888893 0.05364583333333333 0.6092592592592593
1 0.20677083333333332 0.587962962962963 0.05625 0.45555555555555555
1 0.7486979166666666 0.5643518518518519 0.05364583333333333 0.44907407407407407
10 0.26979166666666665 0.5472222222222223 0.04791666666666666 0.2925925925925926
10 0.38255208333333335 0.5402777777777777 0.034895833333333334 0.30092592592592593
10 0.5705729166666667 0.5412037037037037 0.0453125 0.2898148148148148
10 0.6890625 0.5481481481481482 0.04375 0.3314814814814815
11 0.74921875 0.6657407407407407 0.0390625 0.24074074074074076
10 0.20234375 0.6444444444444445 0.03802083333333333 0.29444444444444445
9 0.26328125 0.26481481481481484 0.05364583333333333 0.11666666666666667
5 0.7489583333333333 0.40046296296296297 0.052083333333333336 0.11388888888888889
8 0.38671875 0.2564814814814815 0.05572916666666666 0.11851851851851852
8 0.6885416666666666 0.24444444444444446 0.052083333333333336 0.11481481481481481
7 0.20729166666666665 0.4222222222222222 0.05625 0.12037037037037038
7 0.5671875 0.25833333333333336 0.052083333333333336 0.12407407407407407
