0 0.16770833333333332 0.4861111111111111 0.05 0.6240740740740741
1 0.240625 0.5513888888888889 0.06354166666666666 0.48240740740740745
4 0.3140625 0.5046296296296297 0.05625 0.17777777777777778
0 0.37994791666666666 0.46064814814814814 0.0609375 0.6620370370370371
4 0.4471354166666667 0.4953703703703704 0.05364583333333333 0.16481481481481483
1 0.5143229166666666 0.5615740740740741 0.04739583333333333 0.4342592592592593
4 0.5786458333333333 0.49583333333333335 0.04895833333333333 0.16018518518518518
0 0.6513020833333333 0.47453703703703703 0.050520833333333334 0.6027777777777777
2 0.778125 0.5361111111111111 0.05625 0.4777777777777778
9 0.23906249999999998 0.37592592592592594 0.0625 0.13333333333333333
8 0.3807291666666667 0.19814814814814816 0.06041666666666667 0.13703703703703704
7 0.7770833333333333 0.3597222222222222 0.052083333333333336 0.125
10 0.23671875 0.6277777777777778 0.0296875 0.29444444444444445
10 0.6552083333333333 0.5046296296296297 0.03229166666666666 0.2796296296296296
11 0.37994791666666666 0.6185185185185186 0.03177083333333333 0.34074074074074073
