3 0.46848958333333335 0.6046296296296296 0.0421875 0.20185185185185187
0 0.2791666666666667 0.4962962962962963 0.057291666666666664 0.6129629629629629
0 0.4002604166666667 0.48935185185185187 0.05677083333333333 0.6138888888888889
0 0.5825520833333333 0.48333333333333334 0.05677083333333333 0.6074074074074074
0 0.7072916666666667 0.4740740740740741 0.053125 0.6092592592592593
1 0.7677083333333333 0.549537037037037 0.05416666666666667 0.45833333333333337
1 0.22005208333333334 0.575462962962963 0.0546875 0.4564814814814815
10 0.21848958333333332 0.6319444444444444 0.03697916666666667 0.2953703703703704
10 0.28125 0.5351851851851852 0.053125 0.29814814814814816
10 0.3984375 0.5268518518518519 0.030208333333333334 0.3037037037037037
10 0.5901041666666667 0.5268518518518519 0.041666666666666664 0.29074074074074074
10 0.7059895833333333 0.537962962962963 0.04739583333333333 0.3314814814814815
11 0.7658854166666667 0.6527777777777778 0.04114583333333333 0.24444444444444446
9 0.2778645833333333 0.25416666666666665 0.0515625 0.12314814814814816
5 0.7674479166666667 0.3837962962962963 0.05364583333333333 0.11944444444444445
8 0.40130208333333334 0.24305555555555555 0.0546875 0.11574074074074074
8 0.7080729166666666 0.22962962962962963 0.0546875 0.11851851851851852
7 0.5817708333333333 0.24305555555555555 0.05520833333333333 0.12314814814814816
7 0.21953124999999998 0.4064814814814815 0.05677083333333333 0.11296296296296297
