0 0.14114583333333333 0.4916666666666667 0.04895833333333333 0.5555555555555556
1 0.20442708333333334 0.55 0.05572916666666666 0.4277777777777778
0 0.32786458333333335 0.4671296296296297 0.0546875 0.5824074074074075
1 0.4473958333333333 0.5592592592592592 0.04375 0.3851851851851852
0 0.5671875 0.48194444444444445 0.042708333333333334 0.5324074074074074
2 0.68046875 0.5319444444444444 0.043229166666666666 0.4175925925925926
4 0.2682291666666667 0.5097222222222222 0.046875 0.1527777777777778
4 0.3890625 0.49768518518518523 0.04479166666666667 0.1398148148148148
4 0.50703125 0.49953703703703706 0.0421875 0.14166666666666666
9 0.20390624999999998 0.39351851851851855 0.05572916666666666 0.12037037037037038
8 0.32786458333333335 0.23564814814814816 0.05260416666666667 0.12314814814814816
7 0.6796875 0.37777777777777777 0.042708333333333334 0.10740740740740741
10 0.2015625 0.6101851851851852 0.027083333333333334 0.2555555555555556
10 0.5705729166666667 0.5111111111111112 0.0296875 0.2574074074074074
11 0.3260416666666667 0.6069444444444445 0.029166666666666667 0.2953703703703704
