11 0.15729166666666666 0.5953703703703704 0.035416666666666666 0.33333333333333337
11 0.6908854166666667 0.6064814814814815 0.04010416666666666 0.26296296296296295
0 0.14348958333333334 0.4671296296296297 0.0609375 0.6083333333333334
0 0.21536458333333333 0.4625 0.0609375 0.5990740740740741
0 0.33671875 0.4532407407407408 0.0609375 0.6064814814814815
0 0.4544270833333333 0.4527777777777778 0.05260416666666667 0.6
1 0.6895833333333333 0.5203703703703704 0.051041666666666666 0.4537037037037037
9 0.13854166666666667 0.21805555555555556 0.06458333333333333 0.11944444444444445
9 0.21119791666666665 0.22222222222222224 0.05677083333333333 0.12037037037037038
9 0.6888020833333334 0.3564814814814815 0.049479166666666664 0.11851851851851852
8 0.33515625 0.21296296296296297 0.057812499999999996 0.12407407407407407
7 0.4518229166666667 0.2111111111111111 0.059895833333333336 0.12592592592592594
10 0.22343749999999998 0.48935185185185187 0.059375 0.23425925925925928
10 0.46770833333333334 0.5023148148148149 0.0375 0.24537037037037038
