11 0.7153645833333333 0.7074074074074075 0.0421875 0.27037037037037037
11 0.15026041666666667 0.7087962962962964 0.057812499999999996 0.3564814814814815
0 0.13098958333333333 0.5689814814814815 0.07447916666666667 0.6527777777777778
0 0.19947916666666665 0.5611111111111111 0.07083333333333333 0.6314814814814815
0 0.3299479166666667 0.5518518518518519 0.059895833333333336 0.625925925925926
0 0.4588541666666667 0.5476851851851852 0.065625 0.6324074074074074
1 0.7122395833333334 0.6125 0.059895833333333336 0.4842592592592593
9 0.12734375 0.3162037037037037 0.0671875 0.13240740740740742
9 0.19791666666666666 0.3106481481481482 0.06041666666666667 0.13425925925925927
9 0.7143229166666667 0.4361111111111111 0.0453125 0.13148148148148148
8 0.3268229166666667 0.3013888888888889 0.06614583333333333 0.13611111111111113
7 0.45468749999999997 0.2935185185185185 0.065625 0.14814814814814814
10 0.21197916666666666 0.5939814814814816 0.071875 0.23796296296296296
10 0.47552083333333334 0.5921296296296297 0.042708333333333334 0.25833333333333336
