3 0.40963541666666664 0.6430555555555556 0.0453125 0.2101851851851852
0 0.21484375 0.5300925925925926 0.06197916666666667 0.6287037037037038
0 0.34088541666666666 0.525462962962963 0.057812499999999996 0.6342592592592593
0 0.5263020833333333 0.5180555555555556 0.058854166666666666 0.6138888888888889
0 0.65078125 0.5074074074074074 0.0546875 0.6111111111111112
1 0.7130208333333333 0.5828703703703704 0.051041666666666666 0.45092592592592595
1 0.15078125 0.6162037037037037 0.06197916666666667 0.4675925925925926
10 0.14765625 0.675 0.04114583333333333 0.3092592592592593
10 0.21614583333333334 0.5773148148148148 0.05520833333333333 0.2972222222222222
10 0.3380208333333333 0.5666666666666667 0.036458333333333336 0.3074074074074074
10 0.5346354166666667 0.5657407407407408 0.04010416666666666 0.2851851851851852
10 0.6515625 0.5680555555555555 0.04375 0.33425925925925926
11 0.7135416666666666 0.6861111111111111 0.041666666666666664 0.24814814814814815
9 0.21276041666666667 0.28240740740740744 0.058854166666666666 0.12592592592592594
5 0.71171875 0.42129629629629634 0.050520833333333334 0.12222222222222223
8 0.3411458333333333 0.26990740740740743 0.05625 0.1212962962962963
8 0.6505208333333333 0.26203703703703707 0.052083333333333336 0.11666666666666667
7 0.14947916666666666 0.4439814814814815 0.06145833333333333 0.11574074074074074
7 0.52578125 0.27361111111111114 0.0546875 0.11574074074074074
