0 0.17552083333333332 0.4898148148148148 0.051041666666666666 0.6037037037037037
1 0.24244791666666665 0.5564814814814815 0.059895833333333336 0.4759259259259259
4 0.3125 0.5078703703703704 0.05 0.1712962962962963
4 0.4440104166666667 0.5013888888888889 0.04739583333333333 0.15833333333333333
4 0.571875 0.4981481481481482 0.04583333333333333 0.1537037037037037
0 0.37604166666666666 0.4638888888888889 0.05416666666666667 0.638888888888889
1 0.5080729166666667 0.5662037037037038 0.04739583333333333 0.42314814814814816
0 0.63828125 0.4828703703703704 0.044270833333333336 0.5842592592592593
2 0.76328125 0.5361111111111111 0.049479166666666664 0.4666666666666667
9 0.24270833333333333 0.38333333333333336 0.057291666666666664 0.13148148148148148
8 0.37734375 0.21064814814814817 0.05677083333333333 0.13425925925925927
7 0.7627604166666666 0.3648148148148148 0.0484375 0.12222222222222223
10 0.240625 0.6263888888888889 0.028125 0.2916666666666667
10 0.6453125 0.5074074074074074 0.03229166666666666 0.2851851851851852
11 0.3763020833333333 0.6185185185185186 0.030729166666666665 0.32407407407407407
