4 0.27109375 0.5347222222222222 0.0734375 0.18796296296296297
4 0.5666666666666667 0.5106481481481482 0.06041666666666667 0.18055555555555555
0 0.10781249999999999 0.49444444444444446 0.07604166666666666 0.75
0 0.4236979166666667 0.47453703703703703 0.0671875 0.7212962962962963
1 0.6424479166666667 0.5662037037037038 0.06302083333333333 0.5231481481481481
1 0.7807291666666667 0.55 0.06041666666666667 0.5074074074074074
10 0.10859375 0.5328703703703704 0.0484375 0.32685185185185184
10 0.42526041666666664 0.5324074074074074 0.05364583333333333 0.362962962962963
11 0.7919270833333333 0.6986111111111112 0.0265625 0.2175925925925926
9 0.10781249999999999 0.20092592592592592 0.07708333333333334 0.1537037037037037
5 0.4236979166666667 0.18703703703703706 0.06510416666666667 0.14074074074074075
5 0.6432291666666666 0.375462962962963 0.06145833333333333 0.13425925925925927
8 0.7807291666666667 0.3675925925925926 0.057291666666666664 0.14074074074074075
