3 0.29192708333333334 0.5074074074074074 0.058854166666666666 0.18888888888888888
3 0.44296874999999997 0.4912037037037037 0.058854166666666666 0.18055555555555555
3 0.5916666666666667 0.48888888888888893 0.057291666666666664 0.19074074074074074
3 0.36666666666666664 0.6425925925925926 0.041666666666666664 0.35555555555555557
3 0.2125 0.6513888888888889 0.042708333333333334 0.35833333333333334
7 0.8143229166666667 0.32916666666666666 0.0609375 0.14351851851851852
5 0.51015625 0.35370370370370374 0.0703125 0.14444444444444446
8 0.6638020833333333 0.14675925925925926 0.07552083333333333 0.16203703703703703
8 0.3598958333333333 0.1675925925925926 0.08229166666666667 0.16111111111111112
9 0.13333333333333333 0.1865740740740741 0.08333333333333333 0.15092592592592594
9 0.21119791666666665 0.37222222222222223 0.06927083333333334 0.15
0 0.13333333333333333 0.46574074074074073 0.08333333333333333 0.7185185185185186
0 0.3578125 0.45231481481481484 0.078125 0.7361111111111112
0 0.6645833333333333 0.4291666666666667 0.078125 0.7342592592592593
2 0.8138020833333334 0.5217592592592593 0.06614583333333333 0.537962962962963
1 0.5122395833333333 0.5476851851851852 0.07447916666666667 0.5361111111111111
1 0.2140625 0.5625 0.075 0.5361111111111111
