4 0.30026041666666664 0.5217592592592593 0.050520833333333334 0.14907407407407408
4 0.5270833333333333 0.5185185185185185 0.051041666666666666 0.13148148148148148
0 0.18098958333333334 0.4842592592592593 0.05572916666666666 0.5555555555555556
0 0.4166666666666667 0.4791666666666667 0.04479166666666667 0.5564814814814815
1 0.5895833333333333 0.5615740740740741 0.04791666666666666 0.41203703703703703
1 0.6984375 0.5657407407407408 0.046875 0.39814814814814814
10 0.18046875 0.5111111111111112 0.04114583333333333 0.24444444444444446
10 0.41901041666666666 0.5282407407407408 0.04635416666666667 0.27870370370370373
11 0.70234375 0.6717592592592593 0.0234375 0.1712962962962963
9 0.18307291666666667 0.2601851851851852 0.05260416666666667 0.11296296296296297
5 0.41901041666666666 0.2611111111111111 0.04635416666666667 0.10740740740740741
5 0.5908854166666666 0.41620370370370374 0.0484375 0.10648148148148148
8 0.6994791666666667 0.4185185185185185 0.04791666666666666 0.10185185185185186
