1 0.13567708333333334 0.6185185185185186 0.0671875 0.48703703703703705
1 0.4002604166666667 0.6171296296296297 0.05677083333333333 0.4861111111111111
1 0.6497395833333334 0.6064814814814815 0.05677083333333333 0.48703703703703705
0 0.5234375 0.5296296296296297 0.06458333333333333 0.6611111111111111
2 0.27421875 0.6194444444444445 0.050520833333333334 0.48888888888888893
7 0.134375 0.44074074074074077 0.06458333333333333 0.13703703703703704
7 0.27682291666666664 0.43842592592592594 0.05364583333333333 0.1212962962962963
8 0.52265625 0.27037037037037037 0.06302083333333333 0.12222222222222223
8 0.6502604166666667 0.4356481481481482 0.0546875 0.13055555555555556
11 0.14270833333333333 0.8185185185185185 0.05416666666666667 0.08333333333333334
11 0.528125 0.6648148148148149 0.05625 0.3888888888888889
11 0.6533854166666666 0.736574074074074 0.04635416666666667 0.23611111111111113
9 0.39791666666666664 0.437962962962963 0.06458333333333333 0.13703703703703704
