0 0.165625 0.5643518518518519 0.06354166666666666 0.7268518518518519
0 0.4114583333333333 0.5240740740740741 0.06979166666666667 0.7722222222222223
0 0.7263020833333333 0.5398148148148149 0.05677083333333333 0.7055555555555556
1 0.24921875 0.6365740740740741 0.07135416666666666 0.5638888888888889
1 0.5661458333333333 0.6449074074074075 0.05625 0.5101851851851852
10 0.24895833333333334 0.7305555555555556 0.035416666666666666 0.33333333333333337
10 0.73515625 0.5726851851851852 0.033854166666666664 0.3212962962962963
4 0.3325520833333333 0.5805555555555556 0.06197916666666667 0.20370370370370372
4 0.48776041666666664 0.5648148148148149 0.0609375 0.19444444444444445
4 0.64453125 0.5638888888888889 0.0609375 0.1962962962962963
9 0.24869791666666666 0.4337962962962963 0.07239583333333333 0.16203703703703703
8 0.40989583333333335 0.21944444444444444 0.06875 0.1574074074074074
7 0.8747395833333333 0.3962962962962963 0.0671875 0.14444444444444446
2 0.8752604166666667 0.6037037037037037 0.0640625 0.5574074074074075
11 0.4114583333333333 0.7083333333333334 0.03854166666666667 0.4
