4 0.2942708333333333 0.5648148148148149 0.057291666666666664 0.17962962962962964
4 0.57421875 0.5458333333333334 0.050520833333333334 0.17314814814814816
0 0.14348958333333334 0.5365740740740741 0.06822916666666666 0.6898148148148149
0 0.43255208333333334 0.5125000000000001 0.057812499999999996 0.6787037037037037
1 0.6466145833333333 0.5916666666666667 0.057812499999999996 0.4981481481481482
1 0.7828125 0.5884259259259259 0.06145833333333333 0.49722222222222223
10 0.14557291666666666 0.5652777777777778 0.0484375 0.2972222222222222
10 0.434375 0.5689814814814815 0.052083333333333336 0.34351851851851856
11 0.7942708333333334 0.7199074074074074 0.021875 0.20462962962962963
9 0.14427083333333332 0.25925925925925924 0.07291666666666667 0.1388888888888889
5 0.4348958333333333 0.24074074074074076 0.06145833333333333 0.13703703703703704
5 0.6466145833333333 0.4087962962962963 0.06302083333333333 0.13611111111111113
8 0.7846354166666667 0.40324074074074073 0.059895833333333336 0.12685185185185185
