4 0.2671875 0.46805555555555556 0.053125 0.14907407407407408
4 0.4942708333333333 0.45092592592592595 0.04895833333333333 0.1388888888888889
0 0.13932291666666666 0.44027777777777777 0.0609375 0.5564814814814815
0 0.37864583333333335 0.4189814814814815 0.051041666666666666 0.5453703703703704
1 0.5533854166666666 0.4861111111111111 0.049479166666666664 0.3925925925925926
1 0.659375 0.48194444444444445 0.05 0.39351851851851855
10 0.14401041666666667 0.46851851851851856 0.0421875 0.25
10 0.3846354166666667 0.4671296296296297 0.04635416666666667 0.27314814814814814
11 0.6684895833333333 0.5898148148148148 0.021354166666666667 0.16666666666666669
9 0.13880208333333333 0.2175925925925926 0.058854166666666666 0.11481481481481481
5 0.3802083333333333 0.20185185185185187 0.052083333333333336 0.10740740740740741
5 0.5544270833333333 0.34351851851851856 0.05260416666666667 0.10740740740740741
8 0.659375 0.33611111111111114 0.05 0.10185185185185186
