11 0.6833333333333333 0.6393518518518518 0.027083333333333334 0.24537037037037038
11 0.17682291666666666 0.6240740740740741 0.0421875 0.3148148148148148
0 0.1703125 0.5 0.059375 0.5722222222222223
0 0.23307291666666666 0.5023148148148149 0.058854166666666666 0.5731481481481482
0 0.3489583333333333 0.4939814814814815 0.05 0.5712962962962963
0 0.46119791666666665 0.4935185185185185 0.057812499999999996 0.562962962962963
1 0.6791666666666667 0.5611111111111111 0.046875 0.42592592592592593
9 0.16822916666666665 0.2763888888888889 0.052083333333333336 0.1287037037037037
9 0.22994791666666667 0.275 0.049479166666666664 0.12222222222222223
9 0.68203125 0.41620370370370374 0.0546875 0.11574074074074074
8 0.3450520833333333 0.2675925925925926 0.049479166666666664 0.11296296296296297
7 0.459375 0.28194444444444444 0.058333333333333334 0.12685185185185185
10 0.23619791666666667 0.5296296296296297 0.058854166666666666 0.23148148148148148
10 0.47760416666666666 0.5412037037037037 0.04375 0.2175925925925926
