3 0.27890625 0.44722222222222224 0.0546875 0.17777777777777778
3 0.4109375 0.43333333333333335 0.06041666666666667 0.16481481481481483
3 0.5466145833333333 0.4236111111111111 0.0546875 0.1712962962962963
0 0.13177083333333334 0.41203703703703703 0.07604166666666666 0.6407407407407407
0 0.3375 0.3962962962962963 0.06458333333333333 0.638888888888889
0 0.6075520833333333 0.37222222222222223 0.06197916666666667 0.6481481481481481
1 0.209375 0.49722222222222223 0.07083333333333333 0.46296296296296297
1 0.4731770833333333 0.475462962962963 0.0640625 0.46944444444444444
2 0.7432291666666666 0.4486111111111111 0.05625 0.48055555555555557
9 0.13307291666666665 0.16574074074074074 0.0703125 0.1388888888888889
9 0.20781249999999998 0.32962962962962966 0.06875 0.12962962962962962
8 0.33515625 0.13935185185185187 0.06822916666666666 0.14351851851851852
8 0.6059895833333333 0.11666666666666667 0.06197916666666667 0.13703703703703704
5 0.47161458333333334 0.3055555555555556 0.06927083333333334 0.12962962962962962
7 0.7416666666666667 0.275 0.058333333333333334 0.13148148148148148
10 0.21223958333333334 0.5643518518518519 0.049479166666666664 0.2972222222222222
11 0.346875 0.5671296296296297 0.03958333333333333 0.3212962962962963
