10 0.22578125 0.5513888888888889 0.07135416666666666 0.25462962962962965
10 0.48932291666666666 0.5513888888888889 0.0421875 0.2564814814814815
0 0.14088541666666665 0.5152777777777778 0.07135416666666666 0.6509259259259259
0 0.21145833333333333 0.5097222222222222 0.06979166666666667 0.6453703703703704
0 0.34270833333333334 0.5087962962962963 0.06458333333333333 0.637962962962963
0 0.4731770833333333 0.5106481481481482 0.0640625 0.6675925925925926
1 0.7286458333333333 0.5648148148148149 0.06354166666666666 0.4962962962962963
9 0.1375 0.2587962962962963 0.06458333333333333 0.13425925925925927
9 0.20729166666666665 0.2564814814814815 0.06666666666666667 0.13333333333333333
9 0.73203125 0.40046296296296297 0.06197916666666667 0.125
8 0.33880208333333334 0.24722222222222223 0.058854166666666666 0.12407407407407407
7 0.4744791666666667 0.25277777777777777 0.06458333333333333 0.13703703703703704
11 0.15104166666666666 0.6587962962962963 0.051041666666666666 0.35833333333333334
11 0.7333333333333333 0.6731481481481482 0.04479166666666667 0.2888888888888889
