0 0.18411458333333333 0.4513888888888889 0.043229166666666666 0.49722222222222223
0 0.3528645833333333 0.42592592592592593 0.04739583333333333 0.5314814814814816
0 0.5739583333333333 0.43842592592592594 0.03958333333333333 0.4861111111111111
1 0.24088541666666666 0.5013888888888889 0.049479166666666664 0.38796296296296295
1 0.46249999999999997 0.5106481481481482 0.03854166666666667 0.3472222222222222
2 0.6786458333333333 0.4865740740740741 0.042708333333333334 0.3861111111111111
4 0.2986979166666667 0.4671296296296297 0.0453125 0.13796296296296298
4 0.4080729166666667 0.45555555555555555 0.043229166666666666 0.12962962962962962
4 0.5169270833333334 0.45555555555555555 0.04114583333333333 0.12962962962962962
10 0.23932291666666666 0.5643518518518519 0.022395833333333334 0.23055555555555557
10 0.57734375 0.4708333333333333 0.0265625 0.23240740740740742
9 0.24140625 0.36064814814814816 0.050520833333333334 0.11018518518518519
8 0.35390625 0.21712962962962964 0.049479166666666664 0.11388888888888889
7 0.6786458333333333 0.3439814814814815 0.042708333333333334 0.10462962962962963
11 0.3533854166666667 0.5615740740740741 0.024479166666666666 0.2564814814814815
