0 0.09973958333333333 0.5421296296296296 0.0765625 0.7212962962962963
0 0.4044270833333333 0.5194444444444445 0.06927083333333334 0.712962962962963
1 0.621875 0.5962962962962963 0.0625 0.5074074074074074
1 0.7580729166666667 0.5962962962962963 0.050520833333333334 0.5055555555555555
9 0.1015625 0.25324074074074077 0.084375 0.15092592592592594
5 0.40703125 0.24212962962962964 0.0703125 0.1527777777777778
5 0.6283854166666667 0.4166666666666667 0.0546875 0.1462962962962963
8 0.7635416666666667 0.4115740740740741 0.05416666666666667 0.14166666666666666
10 0.1015625 0.5680555555555555 0.034375 0.3138888888888889
10 0.41432291666666665 0.5606481481481481 0.0453125 0.2898148148148148
11 0.7705729166666666 0.7277777777777779 0.0265625 0.2240740740740741
4 0.25364583333333335 0.575925925925926 0.051041666666666666 0.20740740740740743
4 0.54765625 0.5476851851851852 0.057812499999999996 0.18981481481481483
