4 0.30546875 0.5476851851851852 0.058854166666666666 0.16574074074074074
4 0.5611979166666666 0.524537037037037 0.0546875 0.15833333333333333
0 0.16536458333333334 0.5199074074074074 0.06302083333333333 0.6268518518518519
0 0.4328125 0.4953703703703704 0.06145833333333333 0.6166666666666667
1 0.6265625 0.5680555555555555 0.058333333333333334 0.4564814814814815
1 0.7497395833333333 0.5564814814814815 0.058854166666666666 0.45
10 0.16901041666666666 0.5467592592592593 0.0453125 0.2712962962962963
10 0.4348958333333333 0.5430555555555556 0.04791666666666666 0.3175925925925926
11 0.7614583333333333 0.6861111111111111 0.027083333333333334 0.18888888888888888
9 0.16510416666666666 0.2675925925925926 0.06041666666666667 0.12222222222222223
5 0.43385416666666665 0.2476851851851852 0.057291666666666664 0.1212962962962963
5 0.6270833333333333 0.40601851851851856 0.057291666666666664 0.1175925925925926
8 0.7518229166666667 0.3962962962962963 0.057812499999999996 0.11666666666666667
