7 0.2 0.4291666666666667 0.05416666666666667 0.11574074074074074
6 0.3346354166666667 0.41712962962962963 0.0640625 0.125
9 0.45078124999999997 0.41574074074074074 0.06510416666666667 0.1388888888888889
8 0.5643229166666667 0.2569444444444445 0.058854166666666666 0.13425925925925927
8 0.6809895833333334 0.4101851851851852 0.06927083333333334 0.14074074074074075
1 0.20833333333333334 0.5912037037037037 0.08541666666666667 0.4564814814814815
1 0.45078124999999997 0.5717592592592593 0.06510416666666667 0.4638888888888889
1 0.68125 0.5685185185185185 0.07291666666666667 0.4537037037037037
0 0.5684895833333333 0.4949074074074074 0.07447916666666667 0.6175925925925926
11 0.21041666666666667 0.7814814814814816 0.04791666666666666 0.05555555555555556
11 0.5671875 0.6291666666666667 0.041666666666666664 0.3472222222222222
11 0.6809895833333334 0.6898148148148149 0.044270833333333336 0.20185185185185187
2 0.33515625 0.5824074074074075 0.06302083333333333 0.46851851851851856
