8 0.7848958333333333 0.3990740740740741 0.06041666666666667 0.12222222222222223
5 0.65 0.40972222222222227 0.059375 0.1287037037037037
5 0.43984375 0.2388888888888889 0.058854166666666666 0.14074074074074075
9 0.1546875 0.2606481481481482 0.065625 0.13611111111111113
0 0.15442708333333333 0.524537037037037 0.06614583333333333 0.675
0 0.44036458333333334 0.5050925925925926 0.06197916666666667 0.6842592592592592
1 0.6471354166666666 0.587962962962963 0.0640625 0.49074074074074076
1 0.7830729166666667 0.5782407407407407 0.0671875 0.4842592592592593
11 0.7979166666666666 0.7111111111111111 0.026041666666666668 0.20370370370370372
10 0.4393229166666667 0.5611111111111111 0.049479166666666664 0.3351851851851852
10 0.15651041666666665 0.5620370370370371 0.0484375 0.2962962962962963
4 0.30234375 0.5587962962962963 0.057812499999999996 0.1824074074074074
4 0.57734375 0.5416666666666667 0.0484375 0.1685185185185185
