4 0.28046875 0.5097222222222222 0.059895833333333336 0.1675925925925926
4 0.5403645833333334 0.4962962962962963 0.050520833333333334 0.15185185185185185
0 0.14322916666666666 0.4708333333333333 0.06041666666666667 0.6361111111111112
0 0.40911458333333334 0.46064814814814814 0.059895833333333336 0.6287037037037038
1 0.6106770833333334 0.5425925925925926 0.057812499999999996 0.46851851851851856
1 0.7375 0.5421296296296296 0.05625 0.46574074074074073
10 0.14322916666666666 0.5055555555555555 0.040625 0.2851851851851852
10 0.4109375 0.5115740740740741 0.046875 0.32685185185185184
11 0.74453125 0.674074074074074 0.025520833333333333 0.19444444444444445
9 0.14322916666666666 0.21944444444444444 0.05520833333333333 0.12962962962962962
5 0.40859375 0.2087962962962963 0.05572916666666666 0.13425925925925927
5 0.609375 0.375462962962963 0.05416666666666667 0.11944444444444445
8 0.7364583333333333 0.3680555555555556 0.052083333333333336 0.11944444444444445
