0 0.10416666666666667 0.500462962962963 0.06979166666666667 0.6990740740740741
0 0.24895833333333334 0.5018518518518519 0.06666666666666667 0.6962962962962963
0 0.3921875 0.5050925925925926 0.06354166666666666 0.6916666666666667
0 0.53984375 0.537962962962963 0.050520833333333334 0.6537037037037037
0 0.6893229166666667 0.5087962962962963 0.06510416666666667 0.725
10 0.09192708333333333 0.5162037037037037 0.0296875 0.26203703703703707
10 0.3989583333333333 0.5740740740740741 0.046875 0.3037037037037037
10 0.6833333333333333 0.5527777777777778 0.0375 0.30185185185185187
11 0.5375 0.6777777777777778 0.03229166666666666 0.3666666666666667
5 0.103125 0.2240740740740741 0.06875 0.15185185185185185
6 0.24895833333333334 0.22824074074074074 0.06770833333333333 0.15462962962962964
7 0.3921875 0.23101851851851854 0.06354166666666666 0.14907407407407408
8 0.6901041666666666 0.21805555555555556 0.06354166666666666 0.14722222222222223
