5 0.7744791666666666 0.3703703703703704 0.059375 0.1388888888888889
0 0.14244791666666667 0.4939814814814815 0.0671875 0.6861111111111111
0 0.2859375 0.47824074074074074 0.07395833333333333 0.675
0 0.4322916666666667 0.4740740740740741 0.06041666666666667 0.6722222222222223
1 0.5708333333333333 0.5523148148148148 0.06875 0.487962962962963
1 0.6450520833333333 0.5587962962962963 0.06614583333333333 0.4935185185185185
1 0.7731770833333333 0.5458333333333334 0.05677083333333333 0.49722222222222223
9 0.13854166666666667 0.2125 0.06666666666666667 0.14351851851851852
9 0.5723958333333333 0.38472222222222224 0.07916666666666666 0.14166666666666666
8 0.64140625 0.38333333333333336 0.05364583333333333 0.13518518518518519
8 0.28541666666666665 0.2125 0.06666666666666667 0.13796296296296298
6 0.43124999999999997 0.21481481481481482 0.06354166666666666 0.1388888888888889
10 0.14192708333333334 0.5148148148148148 0.05260416666666667 0.27592592592592596
10 0.29270833333333335 0.5662037037037038 0.05520833333333333 0.3824074074074074
10 0.44140625 0.513425925925926 0.0453125 0.2675925925925926
11 0.646875 0.688425925925926 0.042708333333333334 0.23425925925925928
