4 0.31484375 0.5416666666666667 0.0515625 0.1814814814814815
4 0.5841145833333333 0.5236111111111111 0.050520833333333334 0.16018518518518518
0 0.17005208333333333 0.5074074074074074 0.06197916666666667 0.6611111111111111
0 0.4471354166666667 0.4949074074074074 0.06197916666666667 0.6657407407407407
1 0.653125 0.5722222222222223 0.057291666666666664 0.48333333333333334
1 0.7877604166666666 0.5717592592592593 0.059895833333333336 0.487962962962963
11 0.7986979166666667 0.7023148148148148 0.024479166666666666 0.20833333333333334
10 0.17083333333333334 0.5356481481481482 0.04583333333333333 0.28240740740740744
10 0.44895833333333335 0.5425925925925926 0.04895833333333333 0.3351851851851852
9 0.17161458333333332 0.24351851851851852 0.06197916666666667 0.13148148148148148
5 0.44765625 0.22824074074074074 0.06510416666666667 0.13611111111111113
5 0.6544270833333333 0.39490740740740743 0.057812499999999996 0.13425925925925927
8 0.78671875 0.38842592592592595 0.06197916666666667 0.13425925925925927
