7 0.12395833333333334 0.3976851851851852 0.07916666666666666 0.14537037037037037
8 0.19791666666666666 0.22222222222222224 0.07916666666666666 0.1425925925925926
9 0.3338541666666667 0.3990740740740741 0.06979166666666667 0.16111111111111112
9 0.73828125 0.22314814814814815 0.0640625 0.14444444444444446
5 0.47109375 0.3902777777777778 0.07447916666666667 0.14722222222222223
5 0.6046875 0.3773148148148148 0.07291666666666667 0.14351851851851852
10 0.09479166666666666 0.7125 0.03854166666666667 0.2064814814814815
10 0.3377604166666667 0.6398148148148148 0.04010416666666666 0.29444444444444445
10 0.6046875 0.6365740740740741 0.034375 0.2990740740740741
11 0.13203125 0.7115740740740741 0.03802083333333333 0.20833333333333334
11 0.19765625 0.6412037037037037 0.0484375 0.33240740740740743
11 0.73125 0.6203703703703703 0.03854166666666667 0.33333333333333337
4 0.2677083333333333 0.5217592592592593 0.05625 0.16203703703703703
4 0.40546875 0.5143518518518518 0.043229166666666666 0.1675925925925926
4 0.5338541666666666 0.5101851851851852 0.04479166666666667 0.15185185185185185
1 0.128125 0.5694444444444444 0.06041666666666667 0.49259259259259264
1 0.33489583333333334 0.5680555555555555 0.078125 0.47314814814814815
1 0.4630208333333333 0.5550925925925926 0.051041666666666666 0.487962962962963
1 0.6044270833333333 0.5504629629629629 0.0734375 0.4842592592592593
0 0.19921875 0.4898148148148148 0.09322916666666667 0.6703703703703704
0 0.7302083333333333 0.475462962962963 0.05520833333333333 0.6564814814814816
