3 0.40598958333333335 0.6185185185185186 0.0484375 0.20370370370370372
0 0.20911458333333333 0.5 0.06302083333333333 0.6370370370370371
0 0.3380208333333333 0.4939814814814815 0.06041666666666667 0.6324074074074074
0 0.525 0.4828703703703704 0.05625 0.6064814814814815
0 0.64921875 0.47731481481481486 0.05260416666666667 0.6138888888888889
1 0.14817708333333332 0.5842592592592593 0.0609375 0.4777777777777778
1 0.70859375 0.5583333333333333 0.05364583333333333 0.46111111111111114
10 0.14505208333333333 0.6486111111111111 0.04114583333333333 0.30833333333333335
10 0.21276041666666667 0.5527777777777778 0.058854166666666666 0.2925925925925926
10 0.3359375 0.5412037037037037 0.036458333333333336 0.3138888888888889
10 0.53203125 0.5375 0.0390625 0.2972222222222222
10 0.6502604166666667 0.537962962962963 0.04635416666666667 0.3314814814814815
11 0.7088541666666667 0.6597222222222222 0.042708333333333334 0.24722222222222223
9 0.20833333333333334 0.250462962962963 0.059375 0.12685185185185185
5 0.7078125 0.3907407407407408 0.052083333333333336 0.11851851851851852
8 0.33828125 0.23750000000000002 0.057812499999999996 0.11944444444444445
8 0.6505208333333333 0.23101851851851854 0.05416666666666667 0.1175925925925926
7 0.1453125 0.41111111111111115 0.059375 0.12592592592592594
7 0.5239583333333333 0.24305555555555555 0.053125 0.12314814814814816
