3 0.4322916666666667 0.6578703703703704 0.04583333333333333 0.2064814814814815
0 0.23802083333333332 0.5476851851851852 0.057291666666666664 0.6138888888888889
0 0.3651041666666667 0.5458333333333334 0.05625 0.6212962962962963
0 0.5463541666666667 0.5356481481481482 0.05416666666666667 0.6046296296296296
0 0.671875 0.524537037037037 0.053125 0.6027777777777777
1 0.1796875 0.6324074074074074 0.059375 0.46296296296296297
1 0.7307291666666667 0.6013888888888889 0.051041666666666666 0.4527777777777778
10 0.17369791666666667 0.6875 0.03802083333333333 0.2898148148148148
10 0.24401041666666667 0.5949074074074074 0.05572916666666666 0.2953703703703704
10 0.3625 0.5865740740740741 0.035416666666666666 0.2972222222222222
10 0.5552083333333333 0.5791666666666667 0.0375 0.287962962962963
10 0.6723958333333333 0.5856481481481481 0.041666666666666664 0.3287037037037037
11 0.7325520833333333 0.7018518518518518 0.044270833333333336 0.2388888888888889
9 0.23828125 0.3041666666666667 0.058854166666666666 0.1175925925925926
5 0.7328125 0.4425925925925926 0.05 0.12222222222222223
8 0.3645833333333333 0.2925925925925926 0.05625 0.11481481481481481
8 0.671875 0.28564814814814815 0.051041666666666666 0.11944444444444445
7 0.18125 0.4615740740740741 0.05625 0.11944444444444445
7 0.546875 0.29120370370370374 0.051041666666666666 0.11944444444444445
