4 0.3333333333333333 0.5601851851851852 0.05625 0.17592592592592593
4 0.6078125 0.5425925925925926 0.057291666666666664 0.16481481481481483
0 0.18776041666666665 0.524537037037037 0.06197916666666667 0.6694444444444445
0 0.46875 0.5092592592592593 0.06145833333333333 0.6796296296296297
1 0.6825520833333333 0.5875 0.06197916666666667 0.4953703703703704
1 0.8158854166666667 0.5916666666666667 0.0671875 0.5111111111111112
10 0.18854166666666666 0.5527777777777778 0.041666666666666664 0.2962962962962963
10 0.47109375 0.5597222222222222 0.05260416666666667 0.35462962962962963
11 0.8315104166666667 0.7291666666666667 0.030729166666666665 0.2175925925925926
9 0.18802083333333333 0.25324074074074077 0.058333333333333334 0.12685185185185185
5 0.46901041666666665 0.23796296296296296 0.06197916666666667 0.13703703703703704
5 0.6809895833333334 0.40601851851851856 0.058854166666666666 0.13611111111111113
8 0.8174479166666666 0.40185185185185185 0.06302083333333333 0.13148148148148148
