0 0.13020833333333334 0.49583333333333335 0.04791666666666666 0.537962962962963
0 0.31354166666666666 0.4759259259259259 0.051041666666666666 0.5685185185185185
0 0.5486979166666667 0.4902777777777778 0.043229166666666666 0.513888888888889
2 0.6565104166666667 0.5402777777777777 0.0453125 0.4064814814814815
1 0.19166666666666665 0.5541666666666667 0.053125 0.4175925925925926
1 0.42942708333333335 0.5675925925925926 0.043229166666666666 0.37777777777777777
4 0.253125 0.5148148148148148 0.05 0.15
4 0.3716145833333333 0.5055555555555555 0.04739583333333333 0.13148148148148148
4 0.48932291666666666 0.5078703703703704 0.0453125 0.1398148148148148
10 0.18723958333333332 0.6212962962962963 0.024479166666666666 0.24814814814814815
10 0.55390625 0.5143518518518518 0.030729166666666665 0.23611111111111113
11 0.3111979166666667 0.6217592592592592 0.024479166666666666 0.27314814814814814
9 0.19166666666666665 0.40231481481481485 0.053125 0.11388888888888889
8 0.31354166666666666 0.24953703703703706 0.04895833333333333 0.11944444444444445
7 0.6565104166666667 0.3893518518518519 0.043229166666666666 0.10462962962962963
