4 0.32109375 0.5671296296296297 0.06197916666666667 0.18611111111111112
4 0.60390625 0.5476851851851852 0.059895833333333336 0.18055555555555555
0 0.17005208333333333 0.525462962962963 0.0671875 0.6916666666666667
0 0.4622395833333333 0.5111111111111112 0.0671875 0.6981481481481482
1 0.6796875 0.600462962962963 0.06458333333333333 0.5194444444444445
1 0.8197916666666667 0.5925925925925926 0.06458333333333333 0.5055555555555555
10 0.16979166666666667 0.5615740740740741 0.04791666666666666 0.3138888888888889
10 0.4630208333333333 0.5643518518518519 0.052083333333333336 0.3564814814814815
11 0.8315104166666667 0.7375 0.0265625 0.2138888888888889
9 0.16927083333333334 0.24537037037037038 0.065625 0.14074074074074075
5 0.45989583333333334 0.2337962962962963 0.06354166666666666 0.14166666666666666
5 0.6799479166666667 0.40972222222222227 0.06510416666666667 0.13796296296296298
8 0.8190104166666666 0.4041666666666667 0.06302083333333333 0.12685185185185185
