11 0.6541666666666667 0.6175925925925926 0.034375 0.20740740740740743
0 0.19661458333333334 0.4324074074074074 0.057812499999999996 0.6166666666666667
0 0.32838541666666665 0.4175925925925926 0.06614583333333333 0.625925925925926
0 0.46015625 0.41111111111111115 0.06614583333333333 0.6240740740740741
1 0.5825520833333333 0.49768518518518523 0.05364583333333333 0.4601851851851852
1 0.6505208333333333 0.4986111111111111 0.052083333333333336 0.4675925925925926
1 0.7729166666666667 0.49768518518518523 0.052083333333333336 0.4712962962962963
9 0.1953125 0.18796296296296297 0.057291666666666664 0.12962962962962962
9 0.5807291666666666 0.3314814814814815 0.06041666666666667 0.13148148148148148
8 0.32447916666666665 0.17175925925925928 0.05520833333333333 0.13425925925925927
8 0.6526041666666667 0.33333333333333337 0.05416666666666667 0.14074074074074075
6 0.45807291666666666 0.1675925925925926 0.0640625 0.14074074074074075
5 0.7752604166666667 0.32592592592592595 0.059895833333333336 0.14074074074074075
10 0.19427083333333334 0.45833333333333337 0.04375 0.27592592592592596
10 0.3307291666666667 0.49768518518518523 0.04791666666666666 0.35462962962962963
10 0.46588541666666666 0.44907407407407407 0.028645833333333332 0.26666666666666666
