7 0.18229166666666666 0.4351851851851852 0.06145833333333333 0.12407407407407407
7 0.5427083333333333 0.27546296296296297 0.05625 0.12314814814814816
9 0.24401041666666667 0.27731481481481485 0.06197916666666667 0.11944444444444445
8 0.36640625 0.27222222222222225 0.0546875 0.12222222222222223
8 0.6622395833333333 0.26851851851851855 0.058854166666666666 0.11851851851851852
5 0.7166666666666667 0.4189814814814815 0.05416666666666667 0.1212962962962963
1 0.18229166666666666 0.6013888888888889 0.0625 0.4638888888888889
1 0.71484375 0.576388888888889 0.04739583333333333 0.437962962962963
0 0.24401041666666667 0.5231481481481481 0.06510416666666667 0.6111111111111112
0 0.36822916666666666 0.5175925925925926 0.058333333333333334 0.6074074074074074
0 0.5432291666666667 0.5152777777777778 0.058333333333333334 0.5990740740740741
0 0.6609375 0.5074074074074074 0.052083333333333336 0.5944444444444444
3 0.42994791666666665 0.6782407407407408 0.050520833333333334 0.27870370370370373
11 0.7151041666666667 0.6763888888888889 0.042708333333333334 0.23981481481481481
10 0.17786458333333333 0.6601851851851852 0.03802083333333333 0.30185185185185187
10 0.24661458333333333 0.5550925925925926 0.0640625 0.24166666666666667
10 0.36015625 0.5453703703703704 0.03802083333333333 0.2388888888888889
10 0.5510416666666667 0.5615740740740741 0.03125 0.2564814814814815
10 0.6583333333333333 0.5601851851851852 0.0375 0.31851851851851853
