0 0.14140625 0.4314814814814815 0.07552083333333333 0.6462962962962964
0 0.28046875 0.4314814814814815 0.07447916666666667 0.6555555555555556
0 0.4114583333333333 0.4166666666666667 0.059375 0.6407407407407407
1 0.53828125 0.4953703703703704 0.0515625 0.4666666666666667
1 0.6046875 0.4962962962962963 0.04479166666666667 0.4537037037037037
1 0.7302083333333333 0.48888888888888893 0.04895833333333333 0.46296296296296297
9 0.1375 0.17824074074074076 0.06979166666666667 0.14351851851851852
9 0.5393229166666667 0.33333333333333337 0.049479166666666664 0.14074074074074075
8 0.27421875 0.16990740740740742 0.058854166666666666 0.13055555555555556
8 0.6111979166666667 0.32916666666666666 0.05364583333333333 0.1287037037037037
5 0.73359375 0.3263888888888889 0.05572916666666666 0.12685185185185185
6 0.4122395833333333 0.16481481481481483 0.059895833333333336 0.13148148148148148
10 0.140625 0.45740740740740743 0.040625 0.25925925925925924
10 0.2825520833333333 0.4986111111111111 0.05572916666666666 0.36574074074074076
10 0.4153645833333333 0.45833333333333337 0.04010416666666666 0.2555555555555556
11 0.6096354166666667 0.6152777777777778 0.0328125 0.21944444444444444
