0 0.19114583333333332 0.46851851851851856 0.05625 0.5777777777777778
0 0.3109375 0.46574074074074073 0.053125 0.5685185185185185
0 0.42890625 0.45972222222222225 0.05260416666666667 0.5620370370370371
0 0.5510416666666667 0.47685185185185186 0.04479166666666667 0.5277777777777778
0 0.6690104166666666 0.4467592592592593 0.05364583333333333 0.5750000000000001
10 0.1859375 0.4740740740740741 0.029166666666666667 0.21296296296296297
10 0.4375 0.5101851851851852 0.034375 0.2574074074074074
10 0.6682291666666667 0.4800925925925926 0.03229166666666666 0.2490740740740741
5 0.19036458333333334 0.24120370370370373 0.0546875 0.1287037037037037
6 0.3109375 0.23981481481481481 0.053125 0.12037037037037038
7 0.4283854166666667 0.23703703703703705 0.05364583333333333 0.12037037037037038
8 0.66796875 0.21435185185185185 0.05260416666666667 0.11574074074074074
11 0.5515625 0.5888888888888889 0.03125 0.29814814814814816
