0 0.1578125 0.4222222222222222 0.075 0.6759259259259259
0 0.3703125 0.41944444444444445 0.059375 0.6888888888888889
0 0.66015625 0.4203703703703704 0.06302083333333333 0.6944444444444444
1 0.23489583333333333 0.5203703703703704 0.06979166666666667 0.5018518518518519
3 0.30494791666666665 0.4726851851851852 0.0546875 0.18981481481481483
3 0.4479166666666667 0.46851851851851856 0.057291666666666664 0.18333333333333335
3 0.5877604166666667 0.4652777777777778 0.057812499999999996 0.18981481481481483
1 0.515625 0.5162037037037037 0.06145833333333333 0.5027777777777778
2 0.8020833333333334 0.5148148148148148 0.06458333333333333 0.5185185185185185
9 0.15833333333333333 0.15787037037037038 0.07916666666666666 0.15092592592592594
9 0.23333333333333334 0.3402777777777778 0.06666666666666667 0.15092592592592594
8 0.37421875 0.15046296296296297 0.0640625 0.14722222222222223
8 0.6614583333333334 0.15416666666666667 0.065625 0.15462962962962964
5 0.5151041666666667 0.34305555555555556 0.06041666666666667 0.14722222222222223
7 0.8013020833333333 0.33101851851851855 0.059895833333333336 0.14722222222222223
10 0.23255208333333333 0.5856481481481481 0.049479166666666664 0.325
11 0.3736979166666667 0.5912037037037037 0.044270833333333336 0.3564814814814815
