7 0.1 0.3699074074074074 0.07291666666666667 0.13611111111111113
8 0.16510416666666666 0.1912037037037037 0.07291666666666667 0.13055555555555556
9 0.29791666666666666 0.36574074074074076 0.06875 0.1425925925925926
9 0.6885416666666666 0.19166666666666668 0.071875 0.14074074074074075
5 0.42526041666666664 0.35555555555555557 0.05572916666666666 0.13333333333333333
5 0.5559895833333334 0.34120370370370373 0.0703125 0.13425925925925927
11 0.10208333333333333 0.6689814814814815 0.034375 0.20277777777777778
11 0.16666666666666666 0.5958333333333333 0.04583333333333333 0.33425925925925926
11 0.6919270833333333 0.575925925925926 0.04010416666666666 0.31851851851851853
10 0.06901041666666667 0.662962962962963 0.03697916666666667 0.20370370370370372
10 0.3033854166666667 0.5990740740740741 0.04635416666666667 0.2925925925925926
10 0.5596354166666666 0.5847222222222223 0.030729166666666665 0.2675925925925926
1 0.10234375 0.538425925925926 0.0703125 0.4638888888888889
1 0.2989583333333333 0.5296296296296297 0.07291666666666667 0.46296296296296297
1 0.4283854166666667 0.5199074074074074 0.057812499999999996 0.4564814814814815
1 0.5609375 0.5078703703703704 0.06666666666666667 0.45833333333333337
1 0.16432291666666665 0.4439814814814815 0.06927083333333334 0.6416666666666667
1 0.6864583333333333 0.4273148148148148 0.05625 0.6287037037037038
4 0.23645833333333333 0.4828703703703704 0.05625 0.18055555555555555
4 0.3653645833333333 0.47731481481481486 0.04739583333333333 0.1638888888888889
4 0.4966145833333333 0.46481481481481485 0.0453125 0.1388888888888889
