0 0.2375 0.5421296296296296 0.05416666666666667 0.5601851851851852
1 0.30234375 0.612037037037037 0.05572916666666666 0.4166666666666667
0 0.4171875 0.5273148148148148 0.05416666666666667 0.5657407407407408
0 0.6541666666666667 0.5115740740740741 0.05416666666666667 0.5731481481481482
1 0.5361979166666666 0.5972222222222222 0.05364583333333333 0.4185185185185185
2 0.7729166666666667 0.5777777777777778 0.04791666666666666 0.42592592592592593
9 0.23802083333333332 0.3194444444444445 0.05520833333333333 0.11481481481481481
9 0.3015625 0.4638888888888889 0.052083333333333336 0.12037037037037038
8 0.4166666666666667 0.30092592592592593 0.053125 0.11296296296296297
6 0.534375 0.44722222222222224 0.052083333333333336 0.11851851851851852
8 0.6552083333333333 0.28425925925925927 0.05416666666666667 0.11851851851851852
7 0.7721354166666666 0.42083333333333334 0.04635416666666667 0.11203703703703705
10 0.3026041666666667 0.6773148148148148 0.03333333333333333 0.25277777777777777
11 0.41953124999999997 0.6615740740740741 0.027604166666666666 0.30092592592592593
4 0.3606770833333333 0.5685185185185185 0.0453125 0.14814814814814814
4 0.4778645833333333 0.5578703703703703 0.043229166666666666 0.14537037037037037
4 0.5971354166666667 0.5462962962962963 0.044270833333333336 0.1462962962962963
