0 0.19817708333333334 0.4814814814814815 0.050520833333333334 0.5685185185185185
0 0.3770833333333333 0.49722222222222223 0.040625 0.5277777777777778
1 0.49166666666666664 0.5518518518518519 0.04791666666666666 0.41111111111111115
3 0.6658854166666667 0.5768518518518518 0.050520833333333334 0.3055555555555556
4 0.6078125 0.5041666666666667 0.041666666666666664 0.1527777777777778
4 0.5533854166666666 0.5162037037037037 0.043229166666666666 0.1527777777777778
4 0.43697916666666664 0.5111111111111112 0.04791666666666666 0.15
5 0.19869791666666667 0.25925925925925924 0.05364583333333333 0.11851851851851852
8 0.4921875 0.40185185185185185 0.04895833333333333 0.11666666666666667
11 0.3765625 0.6143518518518519 0.026041666666666668 0.2916666666666667
10 0.19036458333333334 0.4912037037037037 0.024479166666666666 0.2138888888888889
