11 0.6229166666666667 0.6782407407407408 0.03333333333333333 0.2064814814814815
0 0.13802083333333334 0.48564814814814816 0.07083333333333333 0.6564814814814816
0 0.2825520833333333 0.47361111111111115 0.07552083333333333 0.6657407407407407
0 0.42265625 0.4712962962962963 0.07552083333333333 0.65
1 0.5489583333333333 0.5453703703703704 0.06041666666666667 0.47222222222222227
1 0.6184895833333334 0.5462962962962963 0.0671875 0.4740740740740741
1 0.7458333333333333 0.5375 0.05625 0.47314814814814815
9 0.13802083333333334 0.21944444444444444 0.07395833333333333 0.1388888888888889
8 0.2755208333333333 0.21296296296296297 0.06666666666666667 0.14814814814814814
9 0.5479166666666666 0.38333333333333336 0.05520833333333333 0.1388888888888889
8 0.6184895833333334 0.3819444444444445 0.058854166666666666 0.1175925925925926
6 0.41822916666666665 0.2101851851851852 0.059375 0.13333333333333333
5 0.74453125 0.37222222222222223 0.06197916666666667 0.13703703703703704
10 0.13932291666666666 0.513425925925926 0.044270833333333336 0.27685185185185185
10 0.2791666666666667 0.5638888888888889 0.04895833333333333 0.3685185185185185
10 0.42473958333333334 0.5175925925925926 0.0453125 0.2851851851851852
