7 0.16953125 0.37222222222222223 0.07447916666666667 0.13703703703703704
6 0.30182291666666666 0.37222222222222223 0.050520833333333334 0.12222222222222223
9 0.41562499999999997 0.37453703703703706 0.0625 0.14537037037037037
8 0.5328125 0.22083333333333335 0.06041666666666667 0.14166666666666666
8 0.65234375 0.3736111111111111 0.06302083333333333 0.13055555555555556
1 0.1703125 0.5347222222222222 0.07708333333333334 0.4712962962962963
1 0.42109375 0.5425925925925926 0.0703125 0.47222222222222227
1 0.6533854166666666 0.5421296296296296 0.07239583333333333 0.4620370370370371
0 0.52734375 0.45462962962962966 0.07760416666666667 0.6333333333333333
2 0.30234375 0.5425925925925926 0.050520833333333334 0.45740740740740743
11 0.18072916666666666 0.7384259259259259 0.042708333333333334 0.06018518518518519
11 0.5364583333333334 0.5986111111111111 0.05 0.3490740740740741
11 0.6463541666666667 0.6601851851851852 0.03958333333333333 0.21666666666666667
