7 0.8203125 0.3699074074074074 0.05520833333333333 0.13240740740740742
2 0.8197916666666667 0.5351851851851852 0.059375 0.48703703703703705
0 0.240625 0.45462962962962966 0.06354166666666666 0.6092592592592593
0 0.43203125 0.4527777777777778 0.05677083333333333 0.6277777777777778
0 0.6911458333333333 0.45416666666666666 0.06458333333333333 0.6305555555555555
1 0.30442708333333335 0.5333333333333333 0.058854166666666666 0.45740740740740743
10 0.3015625 0.6013888888888889 0.034375 0.287962962962963
11 0.4296875 0.6013888888888889 0.030208333333333334 0.3175925925925926
1 0.5557291666666666 0.5393518518518519 0.05520833333333333 0.45462962962962966
3 0.36953125 0.5027777777777778 0.0546875 0.1685185185185185
3 0.49505208333333334 0.49074074074074076 0.050520833333333334 0.1685185185185185
3 0.6231770833333333 0.4939814814814815 0.05260416666666667 0.16944444444444445
9 0.23932291666666666 0.2138888888888889 0.06510416666666667 0.13148148148148148
9 0.30442708333333335 0.37453703703703706 0.058854166666666666 0.13611111111111113
8 0.4317708333333333 0.20787037037037037 0.05625 0.13425925925925927
8 0.6927083333333334 0.2064814814814815 0.065625 0.14074074074074075
5 0.5588541666666667 0.3791666666666667 0.057291666666666664 0.12685185185185185
