0 0.18229166666666666 0.4287037037037037 0.06458333333333333 0.6240740740740741
0 0.31484375 0.4291666666666667 0.06822916666666666 0.6212962962962963
0 0.44557291666666665 0.4199074074074074 0.05677083333333333 0.6212962962962963
1 0.5708333333333333 0.4902777777777778 0.057291666666666664 0.45462962962962966
1 0.6408854166666667 0.4962962962962963 0.0546875 0.4444444444444445
1 0.7575520833333333 0.48842592592592593 0.05260416666666667 0.45092592592592595
9 0.18333333333333332 0.18564814814814815 0.07083333333333333 0.1398148148148148
9 0.5669270833333333 0.33333333333333337 0.0515625 0.13703703703703704
8 0.3098958333333333 0.1712962962962963 0.059375 0.12962962962962962
8 0.6375 0.33564814814814814 0.051041666666666666 0.1212962962962963
6 0.44479166666666664 0.16898148148148148 0.057291666666666664 0.13796296296296298
5 0.7627604166666666 0.3337962962962963 0.057812499999999996 0.14166666666666666
10 0.18177083333333333 0.4564814814814815 0.04583333333333333 0.2611111111111111
10 0.31953125 0.5037037037037038 0.043229166666666666 0.35185185185185186
10 0.44427083333333334 0.4527777777777778 0.03229166666666666 0.26296296296296295
11 0.6403645833333333 0.6166666666666667 0.033854166666666664 0.20740740740740743
