0 0.18307291666666667 0.48564814814814816 0.0546875 0.6083333333333334
0 0.31015625 0.4898148148148148 0.05572916666666666 0.6092592592592593
0 0.4302083333333333 0.49259259259259264 0.05520833333333333 0.6166666666666667
0 0.5627604166666667 0.5152777777777778 0.044270833333333336 0.5787037037037037
0 0.6947916666666667 0.48750000000000004 0.05625 0.6453703703703704
10 0.1734375 0.49444444444444446 0.026041666666666668 0.22592592592592595
10 0.43697916666666664 0.5435185185185185 0.03958333333333333 0.2777777777777778
10 0.6916666666666667 0.525 0.040625 0.29074074074074074
5 0.18307291666666667 0.2449074074074074 0.0546875 0.13055555555555556
6 0.3078125 0.24861111111111112 0.053125 0.1287037037037037
7 0.43124999999999997 0.2490740740740741 0.05625 0.13333333333333333
8 0.6947916666666667 0.23240740740740742 0.057291666666666664 0.12962962962962962
11 0.559375 0.638425925925926 0.029166666666666667 0.3212962962962963
