0 0.13020833333333334 0.5550925925925926 0.059375 0.6472222222222223
1 0.20442708333333334 0.625 0.06510416666666667 0.5092592592592593
0 0.35 0.5300925925925926 0.06041666666666667 0.6861111111111111
4 0.4184895833333333 0.5310185185185186 0.05364583333333333 0.1712962962962963
1 0.49140625 0.6393518518518518 0.050520833333333334 0.4638888888888889
0 0.56171875 0.5583333333333333 0.04739583333333333 0.6240740740740741
0 0.63046875 0.5546296296296297 0.049479166666666664 0.6222222222222222
3 0.69453125 0.6175925925925926 0.058854166666666666 0.3574074074074074
2 0.7622395833333333 0.6194444444444445 0.05260416666666667 0.48888888888888893
9 0.20338541666666665 0.4412037037037037 0.0640625 0.14722222222222223
8 0.3494791666666667 0.2587962962962963 0.06041666666666667 0.14722222222222223
7 0.76328125 0.43842592592592594 0.05677083333333333 0.13611111111111113
10 0.20104166666666667 0.7087962962962964 0.03854166666666667 0.30092592592592593
11 0.34661458333333334 0.6944444444444444 0.03177083333333333 0.3592592592592593
10 0.5533854166666666 0.5777777777777778 0.03697916666666667 0.2888888888888889
10 0.6359375 0.5884259259259259 0.03229166666666666 0.2972222222222222
