0 0.1203125 0.5504629629629629 0.059375 0.6694444444444445
1 0.19505208333333332 0.6208333333333333 0.06614583333333333 0.5231481481481481
0 0.3453125 0.5305555555555556 0.06041666666666667 0.7018518518518518
4 0.4158854166666667 0.5328703703703704 0.05260416666666667 0.17685185185185187
1 0.4890625 0.6430555555555556 0.051041666666666666 0.47685185185185186
0 0.5619791666666667 0.5615740740740741 0.04895833333333333 0.6416666666666667
0 0.63203125 0.5597222222222222 0.0484375 0.6398148148148148
3 0.6971354166666667 0.6277777777777778 0.05260416666666667 0.3592592592592593
2 0.7677083333333333 0.6245370370370371 0.05520833333333333 0.5046296296296297
9 0.19609375 0.4361111111111111 0.06614583333333333 0.15555555555555556
8 0.3450520833333333 0.25092592592592594 0.0609375 0.14444444444444446
7 0.7682291666666666 0.4398148148148148 0.05625 0.1388888888888889
10 0.19036458333333334 0.7074074074074075 0.033854166666666664 0.3148148148148148
11 0.34010416666666665 0.6967592592592593 0.03125 0.36203703703703705
10 0.5549479166666667 0.5814814814814815 0.034895833333333334 0.29444444444444445
10 0.6359375 0.5912037037037037 0.034375 0.3027777777777778
