4 0.296875 0.5226851851851853 0.05 0.14351851851851852
4 0.5223958333333333 0.5185185185185185 0.04583333333333333 0.13703703703703704
0 0.1796875 0.487962962962963 0.051041666666666666 0.5574074074074075
0 0.4127604166666667 0.4842592592592593 0.0453125 0.5592592592592592
1 0.5833333333333334 0.5578703703703703 0.04895833333333333 0.4046296296296297
1 0.69140625 0.5671296296296297 0.049479166666666664 0.4046296296296297
10 0.18046875 0.5120370370370371 0.03802083333333333 0.24074074074074076
10 0.41328125 0.5240740740740741 0.044270833333333336 0.27592592592592596
11 0.6953125 0.6671296296296296 0.022916666666666665 0.18055555555555555
9 0.17786458333333333 0.2657407407407408 0.049479166666666664 0.11481481481481481
5 0.41484375 0.2611111111111111 0.049479166666666664 0.11481481481481481
5 0.5825520833333333 0.4134259259259259 0.050520833333333334 0.11203703703703705
8 0.6916666666666667 0.4138888888888889 0.046875 0.10185185185185186
