4 0.3421875 0.5013888888888889 0.05 0.14722222222222223
4 0.5765625 0.49074074074074076 0.05 0.14444444444444446
0 0.21458333333333332 0.47453703703703703 0.05520833333333333 0.5861111111111111
0 0.4609375 0.4638888888888889 0.053125 0.587037037037037
1 0.63828125 0.5324074074074074 0.0515625 0.4240740740740741
1 0.7552083333333334 0.5277777777777778 0.053125 0.40925925925925927
10 0.21302083333333333 0.4930555555555556 0.03854166666666667 0.2564814814814815
10 0.4609375 0.5041666666666667 0.042708333333333334 0.30648148148148147
11 0.7640625 0.6476851851851853 0.026041666666666668 0.18055555555555555
9 0.21458333333333332 0.23842592592592593 0.052083333333333336 0.1175925925925926
5 0.46067708333333335 0.22824074074074074 0.050520833333333334 0.12685185185185185
5 0.6385416666666667 0.3814814814814815 0.052083333333333336 0.11666666666666667
8 0.7572916666666667 0.37824074074074077 0.05520833333333333 0.11574074074074074
