7 0.14375 0.4175925925925926 0.07083333333333333 0.1388888888888889
7 0.5692708333333333 0.22824074074074074 0.071875 0.13796296296296298
9 0.21432291666666667 0.2351851851851852 0.07864583333333333 0.14444444444444446
8 0.36041666666666666 0.22314814814814815 0.06875 0.1425925925925926
8 0.7091145833333333 0.21296296296296297 0.06510416666666667 0.13703703703703704
5 0.7763020833333333 0.39166666666666666 0.06614583333333333 0.15185185185185185
1 0.1453125 0.6185185185185186 0.07395833333333333 0.5333333333333333
1 0.7713541666666667 0.576388888888889 0.05416666666666667 0.513888888888889
0 0.2171875 0.5236111111111111 0.08541666666666667 0.7175925925925927
0 0.36015625 0.5120370370370371 0.0671875 0.7185185185185186
0 0.56796875 0.5041666666666667 0.07135416666666666 0.6990740740740741
0 0.70546875 0.49074074074074076 0.057812499999999996 0.6944444444444444
3 0.43515624999999997 0.6944444444444444 0.05260416666666667 0.3388888888888889
11 0.7723958333333333 0.6930555555555555 0.04791666666666666 0.26944444444444443
10 0.13984375 0.6819444444444445 0.04635416666666667 0.3509259259259259
10 0.22343749999999998 0.5615740740740741 0.07916666666666666 0.2898148148148148
10 0.35260416666666666 0.5398148148148149 0.036458333333333336 0.29444444444444445
10 0.5765625 0.5592592592592592 0.04375 0.2962962962962963
10 0.7067708333333333 0.5606481481481481 0.05 0.3787037037037037
