0 0.20755208333333333 0.45231481481481484 0.049479166666666664 0.5361111111111111
0 0.31979166666666664 0.4537037037037037 0.051041666666666666 0.5314814814814816
0 0.4276041666666667 0.4444444444444445 0.04895833333333333 0.5240740740740741
0 0.54296875 0.46064814814814814 0.0421875 0.4898148148148148
0 0.65234375 0.4305555555555556 0.050520833333333334 0.5388888888888889
10 0.20416666666666666 0.47175925925925927 0.029166666666666667 0.225
10 0.4361979166666667 0.49583333333333335 0.03177083333333333 0.24722222222222223
10 0.6541666666666667 0.46574074074074073 0.0375 0.23703703703703705
5 0.20781249999999998 0.2449074074074074 0.052083333333333336 0.11574074074074074
6 0.3190104166666667 0.24212962962962964 0.049479166666666664 0.11018518518518519
7 0.428125 0.23842592592592593 0.04791666666666666 0.11388888888888889
8 0.653125 0.21574074074074076 0.04895833333333333 0.10740740740740741
11 0.5440104166666666 0.5662037037037038 0.024479166666666666 0.275
