1 0.20416666666666666 0.5796296296296296 0.06458333333333333 0.46851851851851856
1 0.45 0.5694444444444444 0.05625 0.47222222222222227
1 0.69453125 0.5601851851851852 0.057812499999999996 0.46851851851851856
2 0.33151041666666664 0.5782407407407407 0.0453125 0.4564814814814815
0 0.5697916666666667 0.48194444444444445 0.05520833333333333 0.6231481481481481
7 0.20130208333333333 0.41435185185185186 0.06302083333333333 0.13425925925925927
7 0.3333333333333333 0.40694444444444444 0.051041666666666666 0.12685185185185185
8 0.5723958333333333 0.24166666666666667 0.06041666666666667 0.1388888888888889
8 0.69375 0.3888888888888889 0.059375 0.14074074074074075
9 0.4515625 0.3990740740740741 0.05520833333333333 0.1425925925925926
11 0.21380208333333334 0.7782407407407408 0.0453125 0.075
11 0.57421875 0.6078703703703704 0.050520833333333334 0.3731481481481482
11 0.6963541666666666 0.6777777777777778 0.04791666666666666 0.22592592592592595
