11 0.60390625 0.6231481481481481 0.0328125 0.22962962962962963
0 0.10234375 0.4189814814814815 0.09010416666666667 0.6824074074074075
0 0.24427083333333333 0.4115740740740741 0.07291666666666667 0.6768518518518519
0 0.3911458333333333 0.40694444444444444 0.06041666666666667 0.675
1 0.52578125 0.49444444444444446 0.0515625 0.5018518518518519
1 0.6020833333333333 0.487962962962963 0.053125 0.49444444444444446
1 0.73125 0.48055555555555557 0.06041666666666667 0.5037037037037038
9 0.09583333333333333 0.1574074074074074 0.078125 0.1462962962962963
9 0.5291666666666667 0.3199074074074074 0.06145833333333333 0.15462962962962964
8 0.24348958333333334 0.14120370370370372 0.06510416666666667 0.14166666666666666
8 0.6036458333333333 0.3180555555555556 0.057291666666666664 0.13611111111111113
6 0.3875 0.13703703703703704 0.05520833333333333 0.14814814814814814
5 0.734375 0.3092592592592593 0.057291666666666664 0.13703703703703704
10 0.10026041666666667 0.45787037037037037 0.05364583333333333 0.2916666666666667
10 0.25364583333333335 0.5027777777777778 0.05625 0.38333333333333336
10 0.3921875 0.44583333333333336 0.04791666666666666 0.2972222222222222
