3 0.4005208333333333 0.576388888888889 0.04375 0.20462962962962963
0 0.20208333333333334 0.46064814814814814 0.0625 0.6361111111111112
0 0.32838541666666665 0.4513888888888889 0.06197916666666667 0.6305555555555555
0 0.5153645833333333 0.44583333333333336 0.057812499999999996 0.6101851851851852
0 0.63984375 0.4365740740740741 0.0546875 0.6157407407407408
1 0.6984375 0.5078703703703704 0.052083333333333336 0.45092592592592595
1 0.13411458333333334 0.5458333333333334 0.06302083333333333 0.48240740740740745
10 0.13385416666666666 0.6064814814814815 0.041666666666666664 0.3074074074074074
10 0.20494791666666667 0.5041666666666667 0.057812499999999996 0.3027777777777778
10 0.32578125 0.49768518518518523 0.04114583333333333 0.3101851851851852
10 0.5247395833333334 0.48935185185185187 0.0453125 0.2972222222222222
10 0.6393229166666666 0.4930555555555556 0.04114583333333333 0.33425925925925926
9 0.19869791666666667 0.2064814814814815 0.06197916666666667 0.13518518518518519
5 0.6989583333333333 0.3425925925925926 0.051041666666666666 0.11666666666666667
8 0.3296875 0.1953703703703704 0.057291666666666664 0.12407407407407407
8 0.6403645833333333 0.18796296296296297 0.05364583333333333 0.11851851851851852
7 0.134375 0.36944444444444446 0.06458333333333333 0.12592592592592594
7 0.5140625 0.19675925925925927 0.05625 0.11574074074074074
11 0.6973958333333333 0.6125 0.04375 0.24166666666666667
