3 0.46250 0.37708 0.16198 0.23935
4 0.32031 0.56644 0.18125 0.27269
2 0.52956 0.50764 0.02214 0.03380
2 0.52526 0.50787 0.03021 0.03426
2 0.50313 0.53426 0.01250 0.02130
3 0.53555 0.60463 0.13776 0.22407
13 0.34596 0.52222 0.62109 0.94907
6 0.83073 0.16204 0.22604 0.32407
0 0.86979 0.70093 0.03906 0.07407
0 0.81432 0.67639 0.03646 0.06759
0 0.80117 0.72292 0.03724 0.07176
0 0.77812 0.77639 0.03490 0.06852
0 0.83724 0.81065 0.04219 0.08333
4 0.87135 0.82731 0.25729 0.34259
12 0.79219 0.95949 0.06615 0.08102
