3 0.03138 0.55463 0.06276 0.17685
13 0.06172 0.59051 0.12344 0.51435
0 0.20521 0.45324 0.02760 0.04167
0 0.18555 0.51667 0.02943 0.04352
0 0.17943 0.45856 0.02813 0.04028
0 0.15755 0.52454 0.02969 0.03889
0 0.17096 0.48727 0.02839 0.04213
12 0.26068 0.58079 0.13958 0.15880
4 0.23503 0.53148 0.18620 0.21204
12 0.21250 0.79676 0.17552 0.20741
1 0.57982 0.46806 0.03203 0.05833
1 0.55026 0.52639 0.03333 0.06111
2 0.63177 0.38079 0.02292 0.03194
2 0.80911 0.33981 0.02969 0.04444
2 0.55065 0.40116 0.02214 0.03009
2 0.55065 0.45023 0.01224 0.01343
11 0.75156 0.55463 0.49688 0.51296
8 0.72878 0.08472 0.20286 0.16944
6 0.20430 0.20602 0.18099 0.41204
