6 0.27318 0.33310 0.12917 0.18009
8 0.67656 0.30648 0.15885 0.36019
12 0.28750 0.84375 0.13958 0.15324
1 0.59987 0.62454 0.03359 0.05926
2 0.72005 0.58958 0.01719 0.02731
2 0.56016 0.59190 0.01354 0.02731
2 0.56003 0.63333 0.00547 0.02130
0 0.28411 0.57338 0.01615 0.03009
0 0.27018 0.61736 0.01641 0.03009
0 0.27891 0.59190 0.01615 0.03472
3 0.04388 0.43079 0.08776 0.18472
2 0.06875 0.54213 0.02083 0.02778
3 0.07174 0.61921 0.14349 0.17546
13 0.09258 0.59861 0.18516 0.79630
11 0.70703 0.72431 0.34740 0.30324
4 0.31341 0.64236 0.11797 0.15139
12 0.32096 0.68750 0.11172 0.10833
