6 0.44596 0.08727 0.16953 0.17454
0 0.43750 0.46250 0.02760 0.05185
0 0.42904 0.50208 0.02734 0.05417
0 0.41458 0.54815 0.02708 0.05093
0 0.79583 0.64537 0.14583 0.09074
0 0.69635 0.80625 0.15156 0.05139
2 0.67487 0.60370 0.12891 0.04352
1 0.72161 0.71829 0.09844 0.05046
1 0.79948 0.72407 0.06875 0.11759
1 0.92474 0.89676 0.07135 0.20648
12 0.45872 0.88843 0.20599 0.22130
12 0.50703 0.64005 0.16562 0.19306
11 0.96823 0.81667 0.06354 0.36389
3 0.08789 0.24676 0.17578 0.29907
2 0.16471 0.41134 0.06797 0.07361
3 0.19753 0.48681 0.18880 0.21991
4 0.48815 0.57662 0.18880 0.26435
