0 0.41875 0.71875 0.12760 0.07917
0 0.31289 0.18472 0.02318 0.04630
0 0.35313 0.18287 0.04948 0.04722
0 0.28607 0.18472 0.02266 0.04537
1 0.81536 0.13009 0.03854 0.05278
1 0.75208 0.13704 0.03594 0.05278
2 0.67435 0.20093 0.02370 0.03981
2 0.76602 0.23796 0.01380 0.01111
2 0.68320 0.25463 0.02474 0.04259
2 0.93776 0.16852 0.01510 0.02407
4 0.33060 0.27870 0.15755 0.20556
12 0.34896 0.34560 0.13490 0.13287
2 0.01081 0.14167 0.02161 0.03796
12 0.31771 0.52778 0.16510 0.16944
10 0.16927 0.86921 0.33854 0.25880
10 0.35951 0.85023 0.68359 0.29676
11 0.81133 0.45509 0.37734 0.69815
3 0.06367 0.24236 0.12734 0.23380
8 0.80586 0.03056 0.18828 0.06111
13 0.12656 0.38032 0.25312 0.76065
