1 0.40534 0.48542 0.07214 0.04583
1 0.46602 0.46458 0.04349 0.10602
2 0.36146 0.42986 0.11406 0.06806
2 0.55078 0.65440 0.04219 0.22731
2 0.70586 0.21806 0.03307 0.05463
0 0.41615 0.55995 0.06927 0.04954
0 0.40104 0.65440 0.06979 0.07546
0 0.05260 0.36944 0.04896 0.06111
0 0.04544 0.41736 0.04922 0.06343
0 0.03112 0.47731 0.04922 0.05648
4 0.14349 0.46250 0.26250 0.30926
12 0.19388 0.52361 0.18932 0.24074
2 0.91029 0.14653 0.04036 0.05602
12 0.10977 0.85324 0.11276 0.28519
11 0.77487 0.43819 0.45026 0.63750
