3 0.30508 0.20069 0.22005 0.30417
2 0.53151 0.55347 0.04740 0.08843
2 0.45299 0.73333 0.05391 0.10000
2 0.46120 0.63958 0.05052 0.09120
2 0.41250 0.55116 0.04844 0.08287
1 0.47201 0.56111 0.04193 0.07500
1 0.40456 0.64329 0.04505 0.07917
1 0.52370 0.74861 0.04792 0.09167
3 0.49883 0.71134 0.29609 0.40046
2 0.84062 0.43356 0.06458 0.09213
2 0.97396 0.23819 0.05208 0.08657
2 0.96146 0.51597 0.07708 0.09861
11 0.84401 0.59745 0.31198 0.79954
0 0.16380 0.42824 0.05312 0.07593
0 0.11563 0.44005 0.05573 0.07454
0 0.09557 0.51134 0.06094 0.07546
0 0.06523 0.45949 0.05911 0.06898
0 0.04518 0.53056 0.05859 0.06944
4 0.16732 0.56713 0.32318 0.37963
12 0.23542 0.64051 0.22812 0.29028
12 0.19870 0.93542 0.25104 0.12917
4 0.06042 0.69491 0.12083 0.43241
