3 0.57721 0.67130 0.24922 0.56667
1 0.35260 0.01829 0.02865 0.03657
1 0.33581 0.12384 0.03620 0.06343
1 0.29792 0.02569 0.02708 0.05139
2 0.29870 0.08241 0.04010 0.06759
2 0.32604 0.03727 0.03906 0.06620
2 0.38346 0.02500 0.03828 0.05000
3 0.37044 0.19352 0.24609 0.36852
12 0.21419 0.54236 0.22630 0.28750
12 0.17344 0.88356 0.26250 0.23009
0 0.12240 0.32269 0.05833 0.08148
0 0.07357 0.33472 0.06068 0.07963
0 0.02747 0.35370 0.05495 0.06944
0 0.05469 0.40787 0.06458 0.07963
0 0.01771 0.43056 0.03542 0.06759
4 0.15208 0.46505 0.30417 0.39120
4 0.05130 0.70069 0.10260 0.20880
2 0.82448 0.32454 0.06667 0.09815
2 0.97435 0.11157 0.05130 0.09352
2 0.95326 0.40926 0.09349 0.11389
2 0.78594 0.45671 0.05573 0.10046
11 0.83698 0.55440 0.32604 0.88565
