6 0.35911 0.37847 0.16198 0.41898
8 0.91615 0.13912 0.16771 0.27824
3 0.67292 0.87338 0.16042 0.25139
1 0.49375 0.48611 0.01719 0.03241
1 0.52734 0.47477 0.01823 0.03287
1 0.51628 0.54722 0.02057 0.03519
2 0.50807 0.45579 0.02031 0.03657
2 0.49505 0.52338 0.02240 0.04306
2 0.51159 0.49537 0.02161 0.03889
2 0.54714 0.48542 0.02240 0.04028
3 0.53620 0.57222 0.15208 0.26759
0 0.39466 0.66528 0.02526 0.04815
0 0.36641 0.66968 0.02552 0.04676
0 0.33815 0.68079 0.02682 0.04583
0 0.32695 0.72338 0.02630 0.04306
0 0.35625 0.71412 0.02865 0.04861
4 0.39102 0.76019 0.17995 0.25185
12 0.41745 0.81204 0.14792 0.19630
4 0.25911 0.83588 0.15937 0.29954
13 0.13477 0.64028 0.26953 0.71389
2 0.84857 0.73032 0.04245 0.06528
2 0.96016 0.60046 0.04635 0.06204
2 0.98880 0.70231 0.02240 0.06481
11 0.87773 0.78472 0.24453 0.42593
