6 0.55352 0.13310 0.17161 0.26620
1 0.78138 0.29421 0.02891 0.04306
1 0.72813 0.31019 0.02604 0.04167
1 0.76367 0.38773 0.03099 0.04676
2 0.75625 0.31991 0.03177 0.05093
2 0.75026 0.26875 0.02917 0.04769
2 0.81484 0.30440 0.03542 0.05509
2 0.73112 0.35486 0.03099 0.05139
3 0.78919 0.43079 0.22318 0.33935
3 0.94831 0.84444 0.10339 0.30833
12 0.58672 0.91574 0.19687 0.16852
13 0.22513 0.53171 0.45026 0.92917
4 0.46146 0.66597 0.13646 0.28657
0 0.59974 0.51389 0.02760 0.05370
0 0.56719 0.51551 0.02656 0.05231
0 0.53555 0.52153 0.02630 0.04954
0 0.52578 0.56435 0.02552 0.04630
0 0.55690 0.56111 0.02943 0.05185
4 0.59805 0.62546 0.19557 0.27500
12 0.62096 0.68773 0.17005 0.21065
