8 0.65352 0.12940 0.21380 0.25880
6 0.07187 0.16181 0.14375 0.32361
1 0.25547 0.38634 0.02708 0.03843
1 0.21003 0.39606 0.02682 0.03565
1 0.23854 0.46551 0.03177 0.04213
2 0.23060 0.36343 0.03359 0.04259
2 0.23320 0.40764 0.03411 0.04491
2 0.21029 0.43796 0.03620 0.04815
2 0.27943 0.39769 0.03073 0.04537
3 0.26172 0.51620 0.19427 0.24444
0 0.05365 0.61968 0.04479 0.05694
0 0.01367 0.63171 0.02734 0.05787
0 0.00716 0.69398 0.01432 0.04630
12 0.10742 0.80370 0.21484 0.28333
4 0.09714 0.74468 0.19427 0.34306
3 0.40000 0.81852 0.15573 0.35926
1 0.67591 0.56644 0.04505 0.07361
2 0.61510 0.49167 0.02813 0.04815
2 0.54036 0.60023 0.02604 0.05231
2 0.63633 0.54653 0.02318 0.02083
2 0.78307 0.43681 0.03021 0.04583
11 0.74193 0.70556 0.51615 0.58333
