3 0.35404 0.15394 0.20547 0.30046
0 0.23125 0.34815 0.04635 0.07500
0 0.18607 0.35810 0.04818 0.07454
0 0.13919 0.37523 0.05130 0.06991
0 0.12174 0.43681 0.05182 0.07083
0 0.16901 0.42106 0.05417 0.07546
4 0.22982 0.48727 0.29453 0.36343
12 0.28789 0.56620 0.21276 0.26852
4 0.08945 0.60556 0.17891 0.41574
12 0.24479 0.88935 0.25625 0.21852
2 0.56276 0.39491 0.04219 0.08148
1 0.51784 0.43148 0.03880 0.06944
1 0.58229 0.48356 0.04115 0.07454
1 0.50247 0.63519 0.04453 0.08148
2 0.48438 0.52917 0.04635 0.08611
2 0.53333 0.50278 0.04531 0.08611
2 0.60599 0.56458 0.04896 0.09398
2 0.88659 0.42523 0.09922 0.20694
11 0.86615 0.59213 0.26771 0.81111
3 0.56536 0.62986 0.25469 0.54676
