0 0.09635 0.34745 0.06563 0.08935
0 0.03932 0.35833 0.06719 0.08704
0 0.02578 0.43750 0.05156 0.08889
2 0.42878 0.48218 0.05182 0.09306
2 0.49414 0.57130 0.05286 0.09907
2 0.44206 0.71181 0.05911 0.10972
1 0.43880 0.59907 0.04896 0.08704
1 0.53867 0.45394 0.04349 0.08102
2 0.55130 0.54699 0.05208 0.10046
1 0.50729 0.69745 0.05104 0.09583
2 0.83958 0.38588 0.06771 0.09676
2 0.97396 0.19074 0.05208 0.08981
11 0.83633 0.57245 0.32734 0.84861
3 0.26094 0.14282 0.25052 0.28565
3 0.50898 0.59375 0.23516 0.55787
4 0.15365 0.50694 0.30729 0.41944
12 0.18294 0.59236 0.26068 0.30972
12 0.14310 0.91944 0.28255 0.16111
