13 0.17878 0.53241 0.35755 0.92963
0 0.48346 0.50949 0.03151 0.05694
0 0.44857 0.51944 0.08516 0.06389
0 0.41081 0.57477 0.03099 0.04954
0 0.44115 0.56620 0.03385 0.05556
4 0.49010 0.61250 0.20781 0.28241
12 0.52214 0.67176 0.16771 0.22037
12 0.49297 0.93009 0.19062 0.13981
1 0.64115 0.35023 0.03073 0.05046
1 0.60807 0.27245 0.02552 0.04491
1 0.65703 0.25000 0.02917 0.04815
2 0.62826 0.22801 0.02943 0.05231
2 0.61029 0.32083 0.03151 0.05741
2 0.68685 0.25741 0.03411 0.05926
3 0.88229 0.82153 0.23542 0.35417
4 0.35703 0.68310 0.15573 0.30509
3 0.67135 0.38056 0.21458 0.35648
6 0.44688 0.12431 0.18229 0.24861
