4 0.20938 0.45579 0.26042 0.33472
0 0.49310 0.60903 0.04036 0.08194
0 0.43542 0.61667 0.04479 0.08148
0 0.38008 0.62222 0.04609 0.07870
0 0.36823 0.70787 0.04583 0.07315
0 0.42747 0.70116 0.04714 0.08380
4 0.47031 0.74491 0.28698 0.38426
3 0.15820 0.80880 0.31641 0.37685
12 0.25977 0.84306 0.16016 0.31389
12 0.26081 0.51852 0.18724 0.23333
1 0.47956 0.26806 0.03151 0.05370
1 0.43685 0.27870 0.03151 0.05370
2 0.52227 0.24444 0.03516 0.06759
1 0.57070 0.28935 0.03359 0.04815
2 0.56914 0.34190 0.03932 0.07269
2 0.47005 0.36273 0.03854 0.07083
1 0.39687 0.15046 0.02656 0.04630
2 0.34753 0.16412 0.03359 0.06250
11 0.40378 0.25370 0.16953 0.27963
3 0.50547 0.38935 0.21510 0.34537
2 0.74023 0.25255 0.04505 0.07269
2 0.85729 0.09028 0.05000 0.07130
2 0.89987 0.17824 0.05703 0.07963
2 0.72917 0.36250 0.03229 0.09259
11 0.82109 0.45139 0.35781 0.72593
6 0.16654 0.06875 0.21380 0.13750
