6 0.32135 0.20880 0.18698 0.41759
8 0.91615 0.08380 0.16771 0.16759
2 0.53581 0.37940 0.10964 0.05602
2 0.62513 0.57593 0.14766 0.05926
1 0.58190 0.48588 0.02578 0.04583
1 0.62083 0.48866 0.02656 0.04583
2 0.66263 0.48380 0.03099 0.05463
1 0.70729 0.53657 0.03125 0.04259
2 0.70990 0.58657 0.03698 0.06296
3 0.64336 0.61042 0.19557 0.29398
11 0.54479 0.44282 0.15000 0.20787
0 0.37370 0.48333 0.11458 0.05093
0 0.34818 0.55231 0.11094 0.08796
0 0.13320 0.60926 0.03620 0.05000
0 0.14323 0.65718 0.03854 0.05417
0 0.12682 0.71250 0.03698 0.05463
4 0.17669 0.69074 0.21484 0.32778
4 0.37148 0.58171 0.19141 0.25509
12 0.38867 0.64375 0.17422 0.18843
3 0.31120 0.87014 0.26875 0.25602
12 0.44596 0.90347 0.02578 0.19306
2 0.86693 0.55278 0.04531 0.06389
2 0.97435 0.43796 0.04818 0.06019
11 0.87513 0.71528 0.24974 0.56481
13 0.10977 0.53194 0.21953 0.93056
