8 0.44518 0.07361 0.19297 0.14722
2 0.58477 0.31782 0.02526 0.04491
2 0.42448 0.40370 0.02760 0.05185
2 0.44818 0.47616 0.02813 0.05509
2 0.34375 0.54144 0.03438 0.05972
2 0.12734 0.73333 0.05469 0.07778
2 0.07448 0.77500 0.05937 0.08056
2 0.02005 0.73102 0.04010 0.07870
2 0.02695 0.90880 0.05391 0.08889
1 0.12448 0.66505 0.04635 0.06435
1 0.02539 0.82130 0.05078 0.07407
1 0.08789 0.86736 0.05443 0.07731
11 0.06758 0.50694 0.13516 0.24907
11 0.59076 0.61921 0.60651 0.75324
3 0.12435 0.77292 0.24870 0.45046
