6 0.21068 0.14190 0.22552 0.28380
3 0.36068 0.35602 0.16719 0.23519
2 0.48177 0.61551 0.03438 0.06343
2 0.52656 0.67454 0.03594 0.06944
2 0.49219 0.76944 0.03906 0.07778
2 0.56510 0.65880 0.03542 0.07037
1 0.55664 0.59653 0.03047 0.05602
1 0.48893 0.69514 0.03255 0.06065
1 0.53594 0.76111 0.03490 0.06759
2 0.76289 0.55162 0.04193 0.06620
2 0.86341 0.41782 0.04401 0.06157
2 0.90417 0.49491 0.04792 0.03333
11 0.83255 0.70463 0.33490 0.58611
0 0.26224 0.53009 0.03542 0.05833
0 0.22513 0.53843 0.03672 0.05833
0 0.21133 0.59028 0.04141 0.05926
0 0.18646 0.55370 0.03958 0.05741
0 0.17096 0.60486 0.03880 0.05324
4 0.25612 0.64514 0.23932 0.30324
12 0.29635 0.70486 0.18490 0.23843
4 0.10039 0.75069 0.20078 0.36713
12 0.26484 0.94421 0.20521 0.11157
13 0.05234 0.69329 0.10469 0.44769
8 0.86862 0.06898 0.26276 0.13796
3 0.53698 0.71250 0.16510 0.42500
