8 0.73789 0.18634 0.22109 0.37269
6 0.19323 0.34954 0.19687 0.25926
4 0.20352 0.75671 0.22786 0.26528
3 0.05898 0.76250 0.11797 0.16019
2 0.43620 0.69537 0.03021 0.05741
2 0.34792 0.53032 0.02396 0.03935
1 0.38763 0.52685 0.02005 0.03333
2 0.47891 0.61273 0.02708 0.04861
1 0.44635 0.62477 0.02448 0.04120
1 0.41328 0.62801 0.02500 0.04213
1 0.51042 0.67292 0.03073 0.08657
2 0.70052 0.54444 0.02917 0.04537
2 0.62799 0.63935 0.02734 0.04907
1 0.72552 0.60625 0.03021 0.05139
1 0.88203 0.48912 0.03594 0.04491
3 0.46068 0.73403 0.17031 0.27454
11 0.38633 0.61134 0.13880 0.20880
11 0.78581 0.72708 0.42839 0.54028
0 0.14375 0.91829 0.03958 0.06528
0 0.07799 0.95093 0.05339 0.09352
4 0.15729 0.92755 0.22552 0.14491
12 0.28555 0.82037 0.08776 0.20370
