6 0.32214 0.17662 0.18438 0.29120
6 0.91888 0.10856 0.16224 0.21713
2 0.49349 0.42431 0.02448 0.04306
1 0.53711 0.42500 0.02214 0.03889
11 0.53984 0.51250 0.15469 0.21481
4 0.35964 0.66782 0.20521 0.27083
0 0.52982 0.91435 0.03724 0.07870
0 0.58529 0.93032 0.03620 0.08102
0 0.64570 0.94769 0.03620 0.08611
0 0.51849 0.98380 0.03438 0.03241
0 0.57695 0.98935 0.03203 0.02130
4 0.62057 0.92824 0.25677 0.14352
3 0.30508 0.92662 0.26068 0.14676
12 0.43776 0.95671 0.02552 0.08657
12 0.38607 0.72731 0.17161 0.20741
2 0.66380 0.56528 0.03281 0.05926
2 0.61458 0.66736 0.03438 0.06528
2 0.71445 0.68148 0.03984 0.07037
1 0.57839 0.56667 0.02708 0.04815
1 0.61966 0.56968 0.02839 0.04954
1 0.71237 0.62616 0.03411 0.04954
3 0.64531 0.69884 0.21094 0.32361
2 0.88698 0.64514 0.05052 0.06991
2 0.98724 0.51736 0.02552 0.06620
13 0.10794 0.61296 0.21589 0.76852
12 0.38594 0.72731 0.17188 0.20648
11 0.88047 0.74306 0.23906 0.51019
