3 0.51107 0.22106 0.14505 0.23565
2 0.64323 0.44213 0.03281 0.05926
2 0.68958 0.49838 0.03646 0.06528
2 0.73190 0.49097 0.03880 0.06898
2 0.65430 0.57153 0.03672 0.07176
1 0.72122 0.43657 0.03307 0.05185
1 0.64870 0.51134 0.03177 0.05324
1 0.69766 0.57431 0.03490 0.06065
3 0.69727 0.54630 0.17057 0.38611
2 0.96094 0.41944 0.05417 0.06852
2 0.92930 0.51829 0.05130 0.07917
11 0.90977 0.63380 0.18047 0.65463
4 0.42891 0.44884 0.18177 0.24676
0 0.39297 0.61597 0.03542 0.06343
0 0.35299 0.61574 0.03620 0.06111
0 0.31497 0.61551 0.03724 0.05972
0 0.30365 0.67546 0.03542 0.05556
0 0.34180 0.67014 0.03828 0.06620
12 0.39232 0.79167 0.23307 0.24537
12 0.44948 0.51528 0.15469 0.17130
4 0.37982 0.73588 0.24141 0.30417
6 0.38151 0.07477 0.17188 0.14954
13 0.14089 0.49792 0.28177 0.99583
8 0.96628 0.01597 0.06745 0.03194
