8 0.86250 0.07917 0.26875 0.15833
2 0.83750 0.44699 0.04010 0.05787
2 0.74375 0.56736 0.03854 0.06065
2 0.87109 0.53843 0.04531 0.06389
11 0.82591 0.69977 0.34818 0.59676
6 0.20430 0.12662 0.22839 0.25324
3 0.35807 0.33657 0.15990 0.22222
2 0.48372 0.61481 0.03151 0.06019
2 0.52578 0.67292 0.03281 0.06435
2 0.56198 0.65995 0.03281 0.06528
2 0.49362 0.75995 0.03568 0.07176
1 0.53385 0.75370 0.03177 0.06296
1 0.55430 0.59931 0.02839 0.05231
1 0.48997 0.68935 0.02995 0.05648
4 0.26263 0.63056 0.22578 0.28241
12 0.29714 0.68611 0.17969 0.22222
1 0.44635 0.37222 0.02240 0.03889
11 0.44688 0.45903 0.15104 0.20787
3 0.53320 0.70324 0.15234 0.39259
0 0.21029 0.87477 0.04766 0.06991
0 0.16081 0.88403 0.05078 0.06898
0 0.11042 0.89282 0.05260 0.06806
0 0.14453 0.96134 0.05365 0.07454
0 0.09440 0.97454 0.04922 0.05093
4 0.21888 0.90440 0.26797 0.18935
12 0.35573 0.93032 0.02552 0.13935
13 0.05156 0.66597 0.10312 0.44676
