8 0.50182 0.17083 0.84531 0.34167
2 0.52201 0.49769 0.03307 0.05648
2 0.47682 0.59468 0.03646 0.06157
2 0.79023 0.40903 0.03776 0.05324
2 0.70286 0.52708 0.03542 0.05972
2 0.82604 0.48519 0.04115 0.05926
1 0.56328 0.53935 0.03229 0.04167
2 0.56315 0.58704 0.03672 0.06296
1 0.48438 0.51065 0.02917 0.04630
1 0.44688 0.51551 0.03021 0.04583
1 0.41263 0.39792 0.02318 0.03657
2 0.36823 0.40231 0.02708 0.04259
0 0.44583 0.83148 0.04115 0.07870
0 0.49974 0.82963 0.03906 0.08056
0 0.39479 0.83333 0.04115 0.07685
0 0.38398 0.91806 0.04297 0.07407
0 0.43828 0.91435 0.04427 0.08426
4 0.47448 0.88866 0.25052 0.22083
3 0.50599 0.62153 0.18958 0.29028
4 0.22630 0.66250 0.23802 0.30370
12 0.26536 0.72037 0.19010 0.23426
3 0.17161 0.91065 0.29583 0.17870
12 0.32240 0.94306 0.03229 0.11389
13 0.04089 0.70116 0.08177 0.32639
11 0.41458 0.48681 0.15208 0.22176
11 0.81159 0.66528 0.37682 0.66204
