2 0.26081 0.61389 0.13047 0.19167
1 0.36302 0.58611 0.03802 0.12222
1 0.44557 0.59514 0.05052 0.10509
2 0.40990 0.46829 0.03177 0.05602
2 0.48815 0.48704 0.03151 0.05926
2 0.46823 0.39213 0.02865 0.05463
1 0.49831 0.44861 0.02682 0.04630
1 0.35091 0.28588 0.02370 0.03750
2 0.70182 0.30694 0.03073 0.04907
2 0.62318 0.41134 0.03073 0.05324
2 0.73177 0.37407 0.04167 0.05463
2 0.89635 0.24282 0.03802 0.04954
4 0.15391 0.54560 0.26302 0.30602
3 0.44141 0.51227 0.19219 0.29861
3 0.38242 0.72269 0.23828 0.37222
12 0.20130 0.60069 0.19271 0.20602
0 0.08841 0.74630 0.05911 0.07407
0 0.03320 0.76481 0.06016 0.07407
0 0.02305 0.83611 0.04609 0.07778
4 0.12956 0.83819 0.25911 0.31991
12 0.25560 0.87870 0.03672 0.24259
8 0.72331 0.05463 0.20599 0.10926
6 0.11211 0.10972 0.22422 0.21944
11 0.35143 0.37731 0.15651 0.22315
11 0.77839 0.53519 0.44323 0.63148
