2 0.10234 0.22292 0.19427 0.06620
1 0.12240 0.17778 0.03802 0.03241
1 0.15703 0.37755 0.04635 0.06435
1 0.21432 0.37662 0.04375 0.06343
1 0.31706 0.43171 0.03932 0.05972
2 0.26536 0.36782 0.04635 0.07917
2 0.30885 0.49329 0.04688 0.07917
3 0.23424 0.51505 0.29714 0.34954
11 0.13320 0.31736 0.26641 0.29861
12 0.03138 0.61019 0.06276 0.27315
4 0.01589 0.57523 0.03177 0.24491
2 0.48151 0.46782 0.03594 0.15787
2 0.54232 0.45046 0.04453 0.16111
2 0.59961 0.43148 0.05234 0.16204
2 0.58385 0.28981 0.03385 0.06204
2 0.79661 0.23333 0.03958 0.05926
0 0.52409 0.29213 0.02734 0.09259
0 0.46003 0.30278 0.03151 0.07315
0 0.74714 0.23889 0.03594 0.07037
11 0.62682 0.62037 0.41094 0.66481
11 0.82266 0.59190 0.35469 0.76991
