2 0.34635 0.25579 0.18906 0.09398
1 0.36107 0.20046 0.03620 0.04074
2 0.55052 0.42917 0.05104 0.09907
1 0.62669 0.52384 0.05182 0.08657
2 0.63320 0.62569 0.06276 0.11343
1 0.48372 0.44468 0.04609 0.08194
1 0.41953 0.44931 0.04688 0.08194
2 0.48464 0.62940 0.26615 0.14491
2 0.89414 0.50880 0.08411 0.11204
11 0.84453 0.62870 0.31094 0.73796
0 0.07070 0.51296 0.14141 0.06944
0 0.03659 0.70023 0.07318 0.10139
4 0.13711 0.64815 0.27422 0.45000
12 0.15755 0.71690 0.28281 0.36250
11 0.36953 0.34352 0.24479 0.35000
3 0.52214 0.59699 0.33281 0.43287
