8 0.47813 0.14190 0.22552 0.28380
2 0.60586 0.52431 0.02839 0.05046
0 0.56237 0.53426 0.02109 0.03241
2 0.42240 0.62384 0.03021 0.05694
2 0.44258 0.71991 0.03151 0.06481
2 0.38490 0.75926 0.03438 0.06667
2 0.32057 0.80185 0.03854 0.06944
1 0.30885 0.69097 0.03281 0.05602
0 0.36094 0.64954 0.03229 0.06019
0 0.34674 0.72153 0.03151 0.06343
0 0.40456 0.68773 0.02734 0.06065
2 0.39466 0.82361 0.02214 0.04815
2 0.44505 0.78981 0.02031 0.04630
2 0.33971 0.85995 0.02943 0.04491
11 0.42227 0.85208 0.39089 0.29398
1 0.13060 0.86227 0.04714 0.06713
2 0.12578 0.93681 0.05573 0.08472
1 0.06406 0.82593 0.05521 0.07593
3 0.11654 0.86690 0.23307 0.26435
11 0.06302 0.69815 0.12604 0.25185
11 0.70013 0.74236 0.39089 0.51065
