8 0.53229 0.02708 0.23281 0.05417
2 0.48828 0.51250 0.03958 0.07593
2 0.44740 0.69815 0.04427 0.08426
2 0.52135 0.64306 0.04167 0.08241
2 0.36745 0.75625 0.05000 0.08750
0 0.41432 0.54630 0.04531 0.09907
0 0.33737 0.60046 0.05964 0.08611
0 0.46732 0.59769 0.03620 0.07870
0 0.67812 0.38634 0.03750 0.07546
2 0.73828 0.35046 0.04479 0.07037
11 0.51133 0.73958 0.42526 0.51620
11 0.79297 0.64329 0.41406 0.70787
11 0.07630 0.61227 0.15260 0.28750
2 0.08372 0.78171 0.06901 0.09306
1 0.15508 0.85394 0.05755 0.08565
1 0.06979 0.81389 0.13958 0.15556
2 0.13919 0.95764 0.07214 0.08472
3 0.14609 0.83935 0.29219 0.31852
