2 0.37513 0.34838 0.11589 0.04861
1 0.38333 0.31458 0.02292 0.02824
1 0.42292 0.48032 0.02708 0.04861
1 0.49753 0.50856 0.02734 0.04398
2 0.45690 0.46597 0.02995 0.05509
2 0.49740 0.55694 0.03177 0.06019
1 0.63021 0.43148 0.02760 0.05000
2 0.64049 0.52153 0.03307 0.05324
2 0.74661 0.40069 0.03594 0.05694
2 0.70286 0.50602 0.03698 0.05093
2 0.76719 0.49329 0.04010 0.05509
0 0.68307 0.40532 0.02656 0.06250
0 0.66497 0.46597 0.02891 0.05972
0 0.72747 0.44005 0.02839 0.03472
0 0.94870 0.33704 0.03542 0.03796
11 0.79375 0.65278 0.41250 0.65185
3 0.44922 0.57083 0.18646 0.27963
12 0.25143 0.61991 0.17057 0.20000
4 0.20990 0.56759 0.22500 0.25556
4 0.07461 0.68009 0.14922 0.32963
12 0.28281 0.89236 0.04531 0.21528
3 0.14310 0.87523 0.28620 0.24954
6 0.18477 0.09653 0.21953 0.19306
8 0.82982 0.03472 0.25443 0.06944
11 0.39010 0.40324 0.15677 0.21111
