6 0.37161 0.10741 0.21979 0.21481
13 0.14779 0.64097 0.29557 0.71157
0 0.41563 0.61181 0.14583 0.08935
0 0.38281 0.73819 0.13490 0.16806
4 0.43307 0.71435 0.25938 0.34259
12 0.48008 0.76273 0.19870 0.28565
1 0.74987 0.60394 0.05391 0.08750
1 0.83802 0.61343 0.06302 0.09630
2 0.94661 0.61551 0.08906 0.12083
2 0.84740 0.83333 0.30521 0.10741
0 0.17695 0.77361 0.04193 0.05463
0 0.18151 0.84699 0.04479 0.05787
0 0.16328 0.93125 0.04583 0.05417
4 0.23346 0.82315 0.21693 0.35000
2 0.65911 0.37153 0.19687 0.09954
1 0.66120 0.31921 0.03750 0.05417
11 0.68503 0.43356 0.26745 0.34491
3 0.84427 0.76991 0.31146 0.45556
