2 0.51224 0.28866 0.15885 0.08009
1 0.51693 0.24745 0.02917 0.04398
11 0.52643 0.36111 0.20286 0.30185
1 0.57057 0.44514 0.03802 0.06806
1 0.62773 0.44352 0.03984 0.06944
2 0.69102 0.42986 0.04818 0.08472
1 0.76393 0.51412 0.05286 0.07454
2 0.77109 0.60093 0.06302 0.10093
2 0.63971 0.58935 0.23411 0.10370
3 0.67201 0.59722 0.30443 0.41019
11 0.91055 0.66319 0.17891 0.66898
0 0.28711 0.47593 0.14766 0.06296
0 0.25091 0.58403 0.13880 0.12361
4 0.29987 0.58912 0.27005 0.33935
12 0.35026 0.65463 0.20104 0.25833
12 0.39909 0.94722 0.06120 0.10556
3 0.24531 0.93634 0.32396 0.12731
0 0.01732 0.67269 0.03464 0.06111
0 0.02109 0.73981 0.04219 0.06481
0 0.00990 0.82477 0.01979 0.05509
4 0.10612 0.74352 0.21224 0.39815
6 0.26536 0.08310 0.21719 0.16620
