8 0.70352 0.22199 0.21276 0.43380
11 0.70742 0.73866 0.40339 0.35880
0 0.69792 0.57222 0.01354 0.02222
2 0.73242 0.57222 0.02161 0.03241
2 0.60469 0.55718 0.02083 0.01898
2 0.54036 0.55995 0.01927 0.02454
0 0.57005 0.55556 0.01510 0.01667
2 0.43398 0.55278 0.02214 0.03426
1 0.45846 0.58032 0.02214 0.02269
2 0.45742 0.59722 0.02526 0.05648
1 0.41003 0.55718 0.02057 0.02824
3 0.41667 0.63565 0.11458 0.18519
2 0.36836 0.46713 0.05599 0.03241
11 0.38346 0.52315 0.11172 0.13333
4 0.24154 0.59051 0.15286 0.17731
4 0.08763 0.65046 0.17526 0.27222
3 0.17083 0.79444 0.21302 0.25185
12 0.19258 0.83819 0.19349 0.18009
12 0.29193 0.64259 0.06927 0.12500
6 0.24141 0.22801 0.15990 0.22083
13 0.05417 0.40625 0.10833 0.39954
