13 0.08568 0.49769 0.17135 0.77500
6 0.27930 0.10810 0.17474 0.21620
8 0.83424 0.11921 0.25547 0.23843
2 0.43854 0.35162 0.09062 0.03472
1 0.44544 0.33148 0.01745 0.02037
11 0.44401 0.40926 0.12031 0.16204
2 0.50456 0.44468 0.02214 0.04213
2 0.53529 0.51204 0.02370 0.04537
1 0.53529 0.47824 0.02109 0.02870
1 0.47643 0.45301 0.02005 0.03472
3 0.48958 0.54005 0.13854 0.21898
4 0.29635 0.50231 0.16979 0.19630
12 0.31836 0.55556 0.14297 0.13981
0 0.06823 0.57083 0.03385 0.04352
4 0.13646 0.56968 0.20000 0.27639
12 0.26745 0.77755 0.18073 0.19306
3 0.23438 0.73102 0.22292 0.24444
2 0.72995 0.43611 0.02760 0.04352
0 0.71393 0.45208 0.02057 0.01528
0 0.68164 0.42917 0.01953 0.04907
0 0.66862 0.45394 0.02057 0.01435
1 0.64049 0.44398 0.02161 0.03704
2 0.92500 0.42731 0.03594 0.04722
0 0.87292 0.42454 0.02969 0.05278
11 0.79948 0.65856 0.40104 0.48380
