13 0.18750 0.50671 0.37500 0.97824
4 0.49674 0.51620 0.15599 0.21667
0 0.48320 0.73333 0.02943 0.04907
4 0.45755 0.77708 0.19635 0.26343
12 0.48646 0.82431 0.16250 0.21528
1 0.70326 0.44167 0.02891 0.04444
2 0.74492 0.42500 0.03359 0.05463
1 0.79674 0.46736 0.03516 0.04583
2 0.80299 0.51088 0.04036 0.06157
3 0.73945 0.53727 0.20026 0.28565
3 0.76745 0.84884 0.26615 0.29861
1 0.97214 0.39005 0.04271 0.05509
2 0.97630 0.54120 0.04740 0.17593
11 0.93815 0.69306 0.12370 0.60741
2 0.63997 0.33032 0.10807 0.04861
1 0.64557 0.30093 0.02135 0.02870
11 0.64753 0.41204 0.14349 0.15370
6 0.45026 0.11690 0.15885 0.23380
12 0.51641 0.56852 0.13542 0.16019
