6 0.42292 0.25000 0.13073 0.21111
4 0.47708 0.55278 0.12187 0.17037
0 0.30924 0.62454 0.02057 0.03611
4 0.35182 0.63611 0.13906 0.23056
3 0.45130 0.73565 0.15417 0.21389
12 0.46758 0.78657 0.13672 0.16759
12 0.52799 0.60301 0.03151 0.11991
1 0.63659 0.48727 0.01849 0.02917
2 0.66380 0.47593 0.02135 0.03796
1 0.69740 0.49954 0.02083 0.02963
2 0.70260 0.52454 0.02396 0.04167
3 0.65964 0.56667 0.13281 0.21204
2 0.59753 0.41782 0.09714 0.04491
1 0.59115 0.40139 0.01510 0.01759
11 0.59427 0.46991 0.10781 0.15463
13 0.17174 0.56319 0.34349 0.85417
7 0.92044 0.10741 0.15911 0.21481
1 0.79674 0.45532 0.02318 0.03472
0 0.83112 0.45417 0.03099 0.08241
11 0.87435 0.62153 0.25130 0.45972
