8 0.71120 0.24977 0.19271 0.42361
6 0.26862 0.31435 0.14609 0.20926
4 0.27839 0.65903 0.14010 0.16898
12 0.32682 0.70648 0.06094 0.12407
4 0.12852 0.73009 0.18307 0.25926
0 0.07070 0.72014 0.02682 0.03935
3 0.22122 0.85602 0.19245 0.22500
12 0.24167 0.90301 0.16875 0.17917
2 0.40391 0.53218 0.07240 0.02639
1 0.41042 0.51736 0.01354 0.01435
2 0.45833 0.60579 0.01771 0.03380
1 0.48242 0.63148 0.01641 0.02222
1 0.43568 0.61250 0.01615 0.02778
2 0.48229 0.64769 0.01875 0.05556
3 0.44505 0.68912 0.11302 0.18472
11 0.40781 0.58148 0.10000 0.13426
2 0.75716 0.59792 0.02109 0.03380
2 0.62656 0.59676 0.01927 0.02315
0 0.72240 0.59468 0.01667 0.03750
11 0.74206 0.76921 0.41380 0.36806
13 0.07552 0.59144 0.15104 0.74120
