4 0.27526 0.62778 0.18802 0.24815
12 0.30573 0.67755 0.15260 0.19676
0 0.25690 0.87431 0.03984 0.05139
4 0.22799 0.88102 0.24714 0.23611
12 0.35299 0.90787 0.02839 0.18426
3 0.50221 0.60787 0.15964 0.26667
1 0.47370 0.52176 0.02396 0.03981
2 0.50469 0.50486 0.02708 0.04769
2 0.54740 0.57431 0.02865 0.05324
1 0.54297 0.53611 0.02552 0.03889
3 0.51966 0.87407 0.20391 0.24907
0 0.73568 0.46944 0.02604 0.04907
0 0.68594 0.48657 0.02396 0.05278
0 0.69805 0.43634 0.02214 0.05231
2 0.75065 0.42917 0.02995 0.04815
1 0.65352 0.46319 0.02474 0.04213
2 0.66953 0.53588 0.02917 0.05046
2 0.96029 0.36458 0.03880 0.05139
0 0.90508 0.37546 0.03203 0.05556
11 0.80521 0.64676 0.38958 0.60463
6 0.21784 0.16713 0.20286 0.29815
13 0.06823 0.70509 0.13646 0.58241
2 0.43021 0.41019 0.12135 0.07037
1 0.42578 0.39259 0.01979 0.02593
11 0.43021 0.47361 0.13385 0.19352
7 0.84076 0.10000 0.31849 0.20000
