8 0.66966 0.28634 0.18620 0.41991
6 0.21589 0.31667 0.16042 0.22130
4 0.21302 0.69606 0.16615 0.18565
12 0.25208 0.74583 0.10052 0.13519
4 0.07253 0.77222 0.14505 0.29167
3 0.13841 0.89560 0.22734 0.20417
12 0.24284 0.93056 0.03828 0.13889
12 0.25495 0.74537 0.09479 0.13611
2 0.36393 0.55810 0.09609 0.02917
1 0.36315 0.54329 0.01536 0.01806
11 0.35911 0.61134 0.10833 0.13843
1 0.38685 0.64653 0.01797 0.03102
2 0.42331 0.66713 0.04297 0.08981
2 0.43490 0.69745 0.01979 0.03750
3 0.39453 0.72801 0.12292 0.19861
0 0.54896 0.62060 0.01406 0.01898
0 0.67904 0.63380 0.01641 0.03796
2 0.58477 0.63657 0.01901 0.03056
2 0.71250 0.63773 0.02031 0.03287
11 0.69258 0.81597 0.40182 0.36435
13 0.04010 0.56551 0.08021 0.24769
