13 0.29089 0.58287 0.45625 0.77963
0 0.45951 0.67106 0.01797 0.03565
4 0.50260 0.69398 0.12656 0.23241
4 0.63424 0.70208 0.14557 0.23102
12 0.64219 0.77315 0.14062 0.14537
3 0.57604 0.87500 0.17396 0.24815
12 0.59010 0.94907 0.16354 0.10185
12 0.64232 0.77292 0.14089 0.14583
2 0.79883 0.58542 0.11745 0.05880
1 0.80443 0.56944 0.02240 0.02685
11 0.80560 0.64560 0.16432 0.17546
2 0.89805 0.74676 0.03620 0.05370
2 0.95117 0.86458 0.04193 0.06250
1 0.85169 0.73611 0.02943 0.04444
1 0.94935 0.81713 0.03724 0.04630
3 0.87734 0.84606 0.21406 0.30602
6 0.63568 0.28102 0.13698 0.22963
