7 0.67630 0.21412 0.32188 0.41065
6 0.13737 0.39398 0.19036 0.23611
4 0.20573 0.72847 0.16615 0.21806
4 0.07070 0.86713 0.14141 0.26204
3 0.17070 0.90162 0.21068 0.19676
12 0.27214 0.76204 0.05052 0.14352
12 0.27826 0.93380 0.02005 0.13241
1 0.37852 0.61111 0.01849 0.03056
1 0.43034 0.60903 0.01641 0.02454
2 0.43268 0.62315 0.02109 0.05370
2 0.40169 0.59491 0.01901 0.03519
3 0.40130 0.68588 0.12604 0.22639
2 0.32708 0.55856 0.07135 0.03843
1 0.33737 0.53449 0.01589 0.01898
11 0.33932 0.60162 0.10781 0.16713
1 0.50156 0.55116 0.01146 0.02917
0 0.64440 0.48657 0.01432 0.03611
2 0.67318 0.47801 0.01771 0.02917
11 0.59453 0.67130 0.50677 0.41759
