7 0.84948 0.10880 0.30104 0.21759
6 0.16250 0.23449 0.23906 0.35324
4 0.21315 0.87616 0.23828 0.24491
1 0.44596 0.79444 0.02995 0.05556
2 0.48385 0.77639 0.03385 0.06296
1 0.53255 0.83287 0.03177 0.06019
2 0.53763 0.90162 0.03672 0.07269
3 0.48477 0.85972 0.20599 0.27778
1 0.67331 0.72060 0.03151 0.05602
2 0.69701 0.84745 0.03828 0.07083
2 0.76641 0.82917 0.04271 0.07037
2 0.83763 0.81019 0.04714 0.07407
2 0.79987 0.68241 0.04089 0.06574
0 0.73086 0.68634 0.02786 0.04306
0 0.78320 0.75347 0.03776 0.06528
0 0.71732 0.77014 0.03307 0.06343
11 0.75391 0.85208 0.27135 0.29306
11 0.93411 0.80324 0.13177 0.39074
0 0.99323 0.62917 0.01354 0.05000
13 0.03945 0.86505 0.07891 0.26806
2 0.39740 0.62222 0.14948 0.05741
1 0.39219 0.57986 0.02448 0.03657
11 0.40260 0.65764 0.16979 0.22083
